libCpp/geoids_lastools/EGM08_REDNAP.asc
NCOLS 841
NROWS 541
XLLCENTER -9.5
YLLCENTER 35
CELLSIZE 0.01666666
NODATA_VALUE -999
[rows 192 to 223 of 541, columns 213 to 283 of 841]
55.724 55.724 55.725 55.726 55.726 55.724 55.721 55.715 55.706 55.696 55.682 55.665 55.645 55.625 55.602 55.578 55.553 55.528 55.502 55.475 55.447 55.419 55.387 55.355 55.321 55.287 55.251 55.216 55.181 55.146 55.113 55.079 55.045 55.013 54.981 54.950 54.919 54.889 54.860 54.833 54.809 54.788 54.770 54.756 54.745 54.739 54.736 54.734 54.734 54.735 54.732 54.728 54.719 54.705 54.684 54.656 54.622 54.583 54.540 54.492 54.442 54.390 54.338 54.287 54.235 54.186 54.138 54.092 54.049 54.007 53.967
55.758 55.759 55.761 55.762 55.762 55.761 55.758 55.752 55.742 55.729 55.713 55.694 55.674 55.651 55.626 55.601 55.574 55.547 55.520 55.492 55.464 55.436 55.405 55.374 55.342 55.309 55.275 55.241 55.208 55.174 55.141 55.109 55.078 55.047 55.016 54.986 54.957 54.930 54.903 54.879 54.857 54.839 54.824 54.812 54.805 54.802 54.802 54.805 54.809 54.811 54.812 54.810 54.803 54.790 54.769 54.743 54.709 54.670 54.626 54.577 54.527 54.476 54.424 54.372 54.322 54.274 54.226 54.181 54.138 54.096 54.056
55.793 55.795 55.797 55.799 55.799 55.798 55.795 55.788 55.777 55.763 55.746 55.726 55.703 55.679 55.652 55.624 55.596 55.568 55.540 55.512 55.482 55.454 55.425 55.394 55.363 55.331 55.300 55.268 55.235 55.204 55.173 55.142 55.112 55.083 55.054 55.028 55.001 54.976 54.953 54.931 54.912 54.896 54.884 54.876 54.871 54.870 54.873 54.877 54.883 54.888 54.891 54.890 54.885 54.872 54.854 54.827 54.794 54.756 54.714 54.667 54.618 54.568 54.516 54.467 54.417 54.369 54.322 54.278 54.234 54.192 54.149
55.830 55.832 55.833 55.835 55.836 55.834 55.830 55.822 55.810 55.796 55.778 55.756 55.732 55.706 55.677 55.648 55.618 55.588 55.558 55.530 55.500 55.472 55.443 55.414 55.384 55.355 55.324 55.294 55.263 55.234 55.205 55.176 55.150 55.123 55.098 55.074 55.051 55.029 55.008 54.991 54.974 54.961 54.952 54.945 54.943 54.943 54.946 54.951 54.958 54.963 54.968 54.968 54.964 54.953 54.936 54.911 54.879 54.844 54.804 54.760 54.713 54.664 54.615 54.566 54.518 54.470 54.423 54.377 54.332 54.288 54.244
55.864 55.865 55.868 55.868 55.867 55.865 55.860 55.852 55.840 55.824 55.805 55.783 55.757 55.730 55.701 55.669 55.639 55.608 55.577 55.547 55.518 55.488 55.461 55.432 55.405 55.377 55.348 55.321 55.293 55.267 55.240 55.216 55.192 55.169 55.148 55.128 55.108 55.090 55.073 55.057 55.045 55.034 55.027 55.022 55.019 55.020 55.023 55.028 55.034 55.038 55.043 55.043 55.039 55.029 55.013 54.992 54.962 54.930 54.893 54.851 54.806 54.760 54.713 54.666 54.618 54.568 54.521 54.474 54.427 54.380 54.333
55.895 55.896 55.896 55.895 55.893 55.889 55.884 55.874 55.862 55.846 55.826 55.804 55.778 55.750 55.720 55.688 55.656 55.624 55.593 55.562 55.532 55.503 55.476 55.450 55.425 55.399 55.374 55.349 55.326 55.303 55.280 55.259 55.240 55.220 55.203 55.187 55.172 55.158 55.145 55.133 55.124 55.115 55.109 55.105 55.102 55.102 55.104 55.108 55.111 55.115 55.117 55.116 55.112 55.103 55.088 55.067 55.040 55.010 54.976 54.937 54.896 54.852 54.805 54.759 54.710 54.660 54.610 54.560 54.512 54.462 54.413
55.922 55.920 55.918 55.915 55.912 55.906 55.899 55.890 55.877 55.861 55.842 55.821 55.796 55.768 55.738 55.707 55.675 55.643 55.613 55.582 55.553 55.526 55.500 55.476 55.452 55.429 55.407 55.385 55.365 55.345 55.327 55.310 55.295 55.281 55.268 55.256 55.244 55.234 55.225 55.217 55.209 55.203 55.198 55.194 55.190 55.189 55.190 55.190 55.191 55.191 55.190 55.187 55.181 55.171 55.156 55.135 55.110 55.082 55.050 55.014 54.974 54.931 54.886 54.840 54.789 54.738 54.686 54.634 54.582 54.530 54.478
55.944 55.939 55.935 55.929 55.923 55.917 55.909 55.899 55.887 55.872 55.853 55.833 55.810 55.784 55.756 55.725 55.695 55.664 55.634 55.605 55.578 55.552 55.527 55.505 55.483 55.463 55.443 55.426 55.408 55.393 55.379 55.367 55.355 55.345 55.336 55.328 55.320 55.314 55.308 55.303 55.298 55.293 55.290 55.285 55.282 55.278 55.275 55.273 55.270 55.266 55.262 55.255 55.246 55.234 55.217 55.196 55.170 55.142 55.112 55.077 55.038 54.996 54.951 54.903 54.852 54.799 54.745 54.690 54.636 54.583 54.529
55.959 55.951 55.943 55.935 55.926 55.919 55.910 55.900 55.889 55.875 55.859 55.841 55.819 55.796 55.770 55.742 55.714 55.685 55.657 55.629 55.604 55.581 55.558 55.537 55.518 55.500 55.484 55.469 55.456 55.445 55.435 55.426 55.419 55.412 55.406 55.401 55.398 55.394 55.391 55.388 55.386 55.384 55.380 55.376 55.372 55.366 55.361 55.354 55.347 55.340 55.330 55.319 55.305 55.290 55.270 55.246 55.218 55.191 55.160 55.124 55.086 55.043 54.998 54.950 54.897 54.841 54.786 54.731 54.676 54.621 54.568
55.965 55.955 55.943 55.933 55.923 55.914 55.904 55.895 55.885 55.873 55.860 55.844 55.826 55.806 55.783 55.758 55.732 55.706 55.680 55.657 55.633 55.612 55.591 55.573 55.556 55.541 55.528 55.518 55.507 55.500 55.493 55.488 55.483 55.478 55.475 55.472 55.471 55.470 55.469 55.469 55.468 55.468 55.466 55.462 55.457 55.450 55.442 55.432 55.421 55.408 55.394 55.377 55.359 55.338 55.315 55.287 55.256 55.226 55.194 55.158 55.118 55.075 55.029 54.981 54.928 54.871 54.814 54.759 54.705 54.652 54.600
55.964 55.951 55.937 55.925 55.913 55.903 55.894 55.887 55.878 55.869 55.858 55.846 55.831 55.814 55.795 55.774 55.751 55.729 55.706 55.685 55.665 55.646 55.628 55.612 55.597 55.586 55.576 55.567 55.560 55.554 55.550 55.547 55.543 55.541 55.539 55.538 55.537 55.538 55.539 55.541 55.542 55.543 55.543 55.539 55.534 55.527 55.517 55.503 55.488 55.471 55.452 55.429 55.406 55.380 55.351 55.320 55.285 55.252 55.218 55.181 55.140 55.096 55.049 55.002 54.949 54.893 54.837 54.783 54.730 54.679 54.630
55.954 55.938 55.924 55.911 55.899 55.890 55.881 55.875 55.868 55.862 55.855 55.846 55.834 55.822 55.806 55.788 55.769 55.750 55.731 55.712 55.696 55.681 55.664 55.650 55.638 55.628 55.620 55.613 55.607 55.605 55.601 55.599 55.596 55.594 55.593 55.592 55.593 55.595 55.597 55.600 55.604 55.607 55.609 55.607 55.602 55.594 55.582 55.568 55.550 55.529 55.505 55.478 55.450 55.418 55.386 55.350 55.312 55.276 55.240 55.200 55.157 55.112 55.066 55.018 54.965 54.911 54.857 54.806 54.757 54.709 54.664
55.938 55.922 55.907 55.894 55.882 55.874 55.868 55.863 55.858 55.854 55.850 55.844 55.836 55.826 55.814 55.800 55.784 55.768 55.751 55.735 55.720 55.708 55.694 55.682 55.672 55.665 55.658 55.653 55.648 55.646 55.644 55.642 55.640 55.637 55.635 55.635 55.636 55.638 55.642 55.647 55.653 55.658 55.662 55.662 55.658 55.651 55.640 55.624 55.604 55.580 55.553 55.522 55.490 55.455 55.417 55.379 55.338 55.298 55.260 55.219 55.176 55.130 55.084 55.036 54.987 54.934 54.884 54.835 54.790 54.745 54.703
55.915 55.899 55.884 55.872 55.863 55.856 55.851 55.848 55.846 55.845 55.843 55.840 55.835 55.828 55.818 55.807 55.794 55.781 55.767 55.754 55.742 55.732 55.720 55.710 55.701 55.695 55.690 55.685 55.680 55.679 55.677 55.674 55.672 55.669 55.667 55.666 55.667 55.671 55.676 55.682 55.690 55.698 55.703 55.706 55.704 55.699 55.688 55.672 55.651 55.626 55.596 55.563 55.527 55.490 55.450 55.409 55.366 55.325 55.286 55.244 55.201 55.157 55.111 55.065 55.017 54.967 54.919 54.873 54.829 54.787 54.746
55.882 55.868 55.856 55.846 55.839 55.834 55.831 55.831 55.831 55.832 55.832 55.831 55.828 55.825 55.818 55.809 55.800 55.788 55.777 55.766 55.757 55.749 55.738 55.729 55.723 55.717 55.713 55.708 55.704 55.701 55.699 55.697 55.694 55.691 55.689 55.689 55.690 55.694 55.701 55.709 55.719 55.729 55.737 55.742 55.742 55.738 55.729 55.714 55.693 55.668 55.637 55.603 55.565 55.526 55.486 55.444 55.400 55.359 55.320 55.278 55.236 55.192 55.148 55.102 55.056 55.007 54.961 54.916 54.873 54.830 54.789
55.840 55.829 55.820 55.813 55.810 55.808 55.808 55.809 55.812 55.815 55.817 55.818 55.817 55.815 55.811 55.805 55.797 55.789 55.780 55.772 55.764 55.758 55.749 55.742 55.736 55.730 55.726 55.722 55.717 55.716 55.714 55.712 55.709 55.707 55.705 55.706 55.708 55.713 55.721 55.731 55.743 55.755 55.766 55.773 55.775 55.773 55.765 55.751 55.732 55.707 55.676 55.642 55.605 55.565 55.524 55.482 55.439 55.399 55.359 55.319 55.277 55.234 55.190 55.145 55.099 55.051 55.005 54.959 54.915 54.871 54.826
55.790 55.783 55.778 55.776 55.775 55.778 55.780 55.783 55.789 55.793 55.797 55.800 55.802 55.801 55.799 55.796 55.790 55.785 55.779 55.772 55.767 55.762 55.754 55.747 55.742 55.737 55.733 55.729 55.725 55.724 55.724 55.722 55.721 55.720 55.719 55.721 55.725 55.732 55.742 55.753 55.766 55.780 55.793 55.801 55.805 55.804 55.797 55.785 55.766 55.742 55.714 55.680 55.644 55.605 55.566 55.525 55.483 55.443 55.403 55.364 55.323 55.280 55.236 55.191 55.143 55.095 55.046 54.998 54.950 54.902 54.853
55.734 55.731 55.731 55.732 55.737 55.741 55.747 55.752 55.761 55.768 55.774 55.780 55.784 55.787 55.788 55.786 55.784 55.780 55.776 55.771 55.766 55.762 55.756 55.749 55.744 55.740 55.736 55.733 55.730 55.729 55.730 55.731 55.731 55.733 55.735 55.738 55.744 55.753 55.763 55.776 55.790 55.804 55.817 55.827 55.832 55.831 55.827 55.815 55.798 55.776 55.748 55.715 55.681 55.644 55.605 55.565 55.525 55.485 55.446 55.407 55.365 55.322 55.276 55.229 55.179 55.128 55.076 55.023 54.969 54.916 54.861
55.674 55.675 55.679 55.685 55.694 55.702 55.710 55.719 55.730 55.741 55.751 55.760 55.768 55.774 55.779 55.781 55.780 55.779 55.776 55.772 55.769 55.765 55.759 55.753 55.748 55.743 55.740 55.738 55.736 55.737 55.740 55.743 55.747 55.750 55.756 55.762 55.770 55.780 55.792 55.805 55.819 55.833 55.845 55.855 55.860 55.859 55.854 55.844 55.827 55.805 55.779 55.748 55.714 55.678 55.640 55.602 55.561 55.521 55.481 55.440 55.397 55.351 55.303 55.252 55.199 55.143 55.086 55.028 54.969 54.909 54.848
55.615 55.621 55.629 55.640 55.650 55.662 55.675 55.687 55.702 55.717 55.732 55.745 55.757 55.768 55.778 55.783 55.785 55.786 55.784 55.782 55.778 55.774 55.768 55.761 55.756 55.751 55.748 55.747 55.745 55.748 55.755 55.761 55.768 55.775 55.783 55.792 55.802 55.814 55.826 55.839 55.852 55.865 55.876 55.884 55.887 55.886 55.880 55.868 55.853 55.831 55.804 55.773 55.740 55.704 55.666 55.627 55.586 55.544 55.502 55.459 55.412 55.363 55.311 55.256 55.199 55.138 55.075 55.012 54.948 54.882 54.815
55.561 55.570 55.582 55.596 55.610 55.627 55.642 55.658 55.679 55.699 55.719 55.738 55.756 55.773 55.788 55.797 55.802 55.805 55.804 55.802 55.798 55.792 55.785 55.777 55.771 55.765 55.762 55.761 55.760 55.766 55.774 55.784 55.794 55.805 55.816 55.828 55.840 55.852 55.864 55.877 55.888 55.898 55.906 55.911 55.912 55.909 55.901 55.888 55.871 55.847 55.820 55.790 55.755 55.718 55.679 55.638 55.596 55.551 55.506 55.460 55.409 55.356 55.299 55.240 55.178 55.113 55.046 54.978 54.908 54.838 54.768
55.514 55.526 55.540 55.557 55.575 55.595 55.615 55.635 55.662 55.689 55.716 55.743 55.767 55.790 55.811 55.824 55.832 55.836 55.836 55.833 55.827 55.820 55.810 55.799 55.791 55.784 55.780 55.778 55.779 55.785 55.797 55.809 55.823 55.836 55.851 55.865 55.878 55.890 55.901 55.911 55.920 55.928 55.932 55.934 55.931 55.925 55.914 55.899 55.879 55.855 55.825 55.793 55.757 55.719 55.678 55.634 55.589 55.541 55.493 55.442 55.389 55.331 55.271 55.207 55.141 55.072 55.002 54.929 54.857 54.784 54.711
55.474 55.488 55.504 55.523 55.545 55.568 55.593 55.620 55.652 55.687 55.721 55.755 55.786 55.815 55.840 55.857 55.867 55.872 55.873 55.868 55.860 55.849 55.837 55.823 55.812 55.803 55.797 55.794 55.796 55.805 55.817 55.832 55.848 55.865 55.880 55.896 55.910 55.921 55.933 55.941 55.946 55.950 55.950 55.948 55.942 55.931 55.917 55.899 55.876 55.848 55.817 55.783 55.745 55.704 55.660 55.614 55.565 55.515 55.463 55.409 55.352 55.292 55.228 55.162 55.092 55.021 54.948 54.874 54.799 54.725 54.651
55.431 55.448 55.466 55.488 55.514 55.543 55.574 55.607 55.645 55.686 55.726 55.766 55.803 55.837 55.866 55.887 55.900 55.906 55.906 55.900 55.889 55.875 55.859 55.843 55.828 55.817 55.810 55.807 55.810 55.818 55.832 55.848 55.867 55.885 55.902 55.919 55.932 55.944 55.953 55.958 55.961 55.962 55.958 55.951 55.941 55.928 55.910 55.887 55.861 55.831 55.797 55.760 55.719 55.675 55.630 55.581 55.529 55.476 55.422 55.365 55.306 55.243 55.178 55.109 55.039 54.967 54.892 54.818 54.743 54.669 54.595
55.392 55.410 55.431 55.456 55.486 55.520 55.556 55.596 55.641 55.688 55.734 55.780 55.822 55.861 55.892 55.916 55.931 55.937 55.937 55.928 55.915 55.897 55.877 55.857 55.840 55.826 55.817 55.814 55.816 55.824 55.839 55.856 55.875 55.895 55.912 55.929 55.942 55.953 55.960 55.964 55.964 55.960 55.954 55.943 55.929 55.912 55.890 55.865 55.835 55.801 55.765 55.724 55.681 55.635 55.587 55.537 55.483 55.428 55.373 55.314 55.254 55.191 55.125 55.057 54.985 54.913 54.839 54.765 54.690 54.616 54.543
55.352 55.371 55.395 55.424 55.458 55.496 55.539 55.585 55.636 55.688 55.741 55.791 55.838 55.879 55.913 55.939 55.955 55.961 55.958 55.947 55.930 55.909 55.886 55.863 55.842 55.826 55.815 55.810 55.812 55.821 55.835 55.853 55.872 55.891 55.909 55.926 55.938 55.948 55.953 55.956 55.953 55.947 55.937 55.924 55.906 55.885 55.860 55.830 55.798 55.761 55.721 55.679 55.633 55.586 55.535 55.483 55.429 55.373 55.317 55.260 55.199 55.136 55.071 55.002 54.932 54.861 54.787 54.713 54.638 54.564 54.492
55.308 55.330 55.356 55.388 55.425 55.469 55.517 55.569 55.625 55.681 55.738 55.793 55.842 55.885 55.920 55.946 55.962 55.969 55.965 55.953 55.934 55.909 55.884 55.858 55.834 55.817 55.805 55.800 55.801 55.808 55.822 55.839 55.858 55.876 55.894 55.910 55.921 55.930 55.935 55.934 55.931 55.922 55.910 55.894 55.873 55.849 55.820 55.788 55.751 55.711 55.668 55.622 55.574 55.525 55.474 55.421 55.367 55.312 55.256 55.199 55.140 55.077 55.013 54.947 54.877 54.806 54.733 54.658 54.583 54.509 54.435
55.259 55.284 55.313 55.348 55.389 55.436 55.488 55.545 55.605 55.664 55.723 55.779 55.830 55.874 55.909 55.935 55.953 55.958 55.955 55.941 55.921 55.897 55.870 55.843 55.820 55.801 55.788 55.782 55.783 55.789 55.802 55.818 55.835 55.851 55.868 55.882 55.893 55.900 55.903 55.903 55.898 55.888 55.874 55.855 55.832 55.804 55.771 55.735 55.695 55.651 55.604 55.555 55.505 55.453 55.401 55.348 55.294 55.239 55.185 55.129 55.071 55.010 54.947 54.881 54.811 54.740 54.666 54.590 54.514 54.438 54.364
55.201 55.228 55.259 55.297 55.341 55.391 55.446 55.506 55.567 55.629 55.690 55.747 55.801 55.847 55.883 55.911 55.928 55.936 55.933 55.921 55.902 55.877 55.851 55.826 55.801 55.783 55.770 55.763 55.763 55.767 55.777 55.790 55.805 55.820 55.834 55.845 55.854 55.860 55.863 55.861 55.854 55.843 55.828 55.807 55.781 55.750 55.714 55.673 55.628 55.579 55.528 55.476 55.422 55.368 55.314 55.261 55.207 55.154 55.101 55.045 54.989 54.930 54.866 54.801 54.731 54.659 54.584 54.507 54.428 54.350 54.273
55.136 55.165 55.200 55.241 55.286 55.338 55.393 55.453 55.516 55.578 55.641 55.699 55.753 55.800 55.838 55.867 55.887 55.897 55.896 55.887 55.871 55.851 55.828 55.804 55.783 55.765 55.753 55.745 55.743 55.746 55.751 55.760 55.771 55.781 55.792 55.800 55.807 55.811 55.811 55.807 55.800 55.787 55.770 55.747 55.718 55.683 55.642 55.597 55.546 55.493 55.437 55.381 55.323 55.267 55.212 55.156 55.103 55.050 54.997 54.944 54.888 54.829 54.767 54.701 54.630 54.556 54.480 54.401 54.321 54.241 54.163
55.067 55.100 55.137 55.180 55.227 55.278 55.334 55.393 55.454 55.516 55.577 55.636 55.690 55.737 55.776 55.807 55.832 55.845 55.849 55.845 55.834 55.820 55.802 55.783 55.765 55.749 55.737 55.728 55.723 55.722 55.723 55.727 55.731 55.736 55.741 55.745 55.748 55.748 55.746 55.740 55.731 55.717 55.697 55.672 55.639 55.600 55.555 55.504 55.449 55.390 55.328 55.267 55.205 55.146 55.088 55.033 54.978 54.925 54.873 54.820 54.764 54.706 54.644 54.577 54.506 54.432 54.354 54.274 54.194 54.113 54.035
54.996 55.033 55.074 55.117 55.165 55.217 55.271 55.327 55.385 55.445 55.504 55.561 55.614 55.661 55.702 55.737 55.764 55.783 55.794 55.796 55.794 55.785 55.775 55.760 55.746 55.733 55.720 55.710 55.701 55.695 55.689 55.685 55.682 55.680 55.677 55.675 55.672 55.669 55.663 55.655 55.644 55.627 55.605 55.577 55.541 55.499 55.449 55.392 55.331 55.266 55.200 55.133 55.068 55.005 54.945 54.887 54.833 54.779 54.726 54.674 54.619 54.560 54.498 54.432 54.361 54.287 54.210 54.131 54.052 53.973 53.897
