libCpp/geoids_lastools/EGM08_REDNAP.asc
NCOLS 841
NROWS 541
XLLCENTER -9.5
YLLCENTER 35
CELLSIZE 0.01666666
NODATA_VALUE -999
[rows 384 to 415 of 541, columns 497 to 567 of 841]
50.014 50.002 49.989 49.972 49.952 49.927 49.896 49.862 49.825 49.790 49.755 49.722 49.693 49.665 49.643 49.624 49.608 49.594 49.582 49.569 49.555 49.540 49.521 49.499 49.473 49.446 49.416 49.383 49.351 49.319 49.288 49.257 49.227 49.198 49.168 49.139 49.108 49.077 49.042 49.006 48.967 48.927 48.886 48.843 48.801 48.760 48.721 48.685 48.651 48.621 48.593 48.566 48.539 48.511 48.479 48.445 48.407 48.366 48.320 48.274 48.227 48.182 48.140 48.103 48.069 48.040 48.014 47.990 47.967 47.941 47.911
49.927 49.913 49.897 49.881 49.861 49.838 49.811 49.780 49.747 49.713 49.683 49.653 49.626 49.601 49.580 49.562 49.547 49.534 49.521 49.509 49.497 49.481 49.464 49.442 49.418 49.391 49.361 49.329 49.295 49.262 49.228 49.194 49.159 49.125 49.091 49.056 49.021 48.984 48.947 48.907 48.865 48.823 48.779 48.734 48.690 48.647 48.607 48.569 48.536 48.505 48.475 48.449 48.423 48.396 48.368 48.335 48.300 48.261 48.217 48.173 48.127 48.082 48.041 48.002 47.969 47.939 47.913 47.889 47.866 47.842 47.815
49.823 49.806 49.788 49.771 49.752 49.729 49.703 49.675 49.646 49.617 49.589 49.564 49.539 49.518 49.498 49.482 49.468 49.454 49.443 49.431 49.418 49.404 49.386 49.365 49.342 49.316 49.286 49.255 49.221 49.186 49.148 49.111 49.073 49.035 48.995 48.956 48.917 48.875 48.833 48.791 48.747 48.702 48.657 48.611 48.566 48.522 48.480 48.442 48.407 48.375 48.346 48.319 48.295 48.270 48.243 48.213 48.180 48.143 48.102 48.058 48.014 47.970 47.928 47.889 47.853 47.824 47.796 47.772 47.749 47.726 47.700
49.703 49.682 49.661 49.642 49.623 49.600 49.576 49.551 49.525 49.500 49.476 49.453 49.433 49.414 49.397 49.382 49.368 49.356 49.345 49.332 49.320 49.305 49.288 49.269 49.246 49.220 49.191 49.159 49.124 49.088 49.049 49.008 48.966 48.924 48.881 48.837 48.794 48.749 48.705 48.659 48.613 48.567 48.521 48.474 48.428 48.384 48.342 48.303 48.267 48.236 48.207 48.181 48.157 48.133 48.109 48.081 48.050 48.015 47.976 47.934 47.890 47.846 47.803 47.763 47.726 47.694 47.666 47.641 47.618 47.595 47.572
49.565 49.539 49.514 49.494 49.472 49.449 49.427 49.404 49.381 49.360 49.340 49.321 49.303 49.287 49.272 49.259 49.247 49.235 49.224 49.213 49.200 49.186 49.170 49.150 49.128 49.103 49.074 49.042 49.007 48.969 48.929 48.886 48.841 48.795 48.749 48.701 48.655 48.607 48.561 48.514 48.467 48.420 48.373 48.327 48.281 48.237 48.195 48.156 48.121 48.089 48.062 48.036 48.013 47.991 47.967 47.941 47.911 47.879 47.840 47.800 47.756 47.712 47.668 47.627 47.589 47.555 47.525 47.499 47.476 47.453 47.432
49.413 49.380 49.352 49.327 49.303 49.280 49.258 49.237 49.216 49.198 49.181 49.166 49.152 49.139 49.127 49.115 49.104 49.095 49.084 49.073 49.060 49.047 49.031 49.012 48.991 48.966 48.937 48.905 48.870 48.831 48.789 48.745 48.698 48.650 48.601 48.552 48.502 48.453 48.405 48.357 48.310 48.264 48.218 48.172 48.128 48.084 48.044 48.005 47.971 47.940 47.912 47.888 47.866 47.843 47.822 47.796 47.769 47.736 47.700 47.659 47.617 47.571 47.528 47.485 47.445 47.410 47.379 47.352 47.328 47.306 47.285
49.248 49.209 49.176 49.147 49.120 49.096 49.074 49.054 49.035 49.019 49.005 48.993 48.981 48.971 48.961 48.953 48.943 48.935 48.927 48.916 48.905 48.891 48.876 48.858 48.836 48.812 48.783 48.752 48.717 48.677 48.634 48.588 48.540 48.490 48.440 48.390 48.339 48.289 48.241 48.194 48.147 48.103 48.058 48.014 47.971 47.930 47.891 47.854 47.820 47.790 47.763 47.740 47.717 47.697 47.674 47.651 47.623 47.593 47.556 47.517 47.474 47.430 47.385 47.342 47.302 47.265 47.233 47.205 47.180 47.158 47.138
49.076 49.032 48.992 48.959 48.929 48.903 48.881 48.861 48.843 48.828 48.817 48.807 48.798 48.790 48.783 48.776 48.770 48.762 48.755 48.746 48.736 48.723 48.708 48.690 48.669 48.644 48.617 48.585 48.549 48.509 48.467 48.420 48.371 48.322 48.270 48.220 48.169 48.121 48.073 48.027 47.983 47.940 47.898 47.856 47.816 47.777 47.740 47.705 47.673 47.644 47.617 47.594 47.572 47.551 47.530 47.506 47.480 47.449 47.414 47.375 47.333 47.289 47.245 47.201 47.161 47.124 47.091 47.063 47.038 47.016 46.995
48.905 48.854 48.809 48.772 48.739 48.710 48.686 48.665 48.648 48.634 48.623 48.615 48.608 48.602 48.597 48.592 48.587 48.583 48.576 48.568 48.559 48.546 48.532 48.514 48.493 48.468 48.440 48.408 48.372 48.333 48.290 48.244 48.196 48.147 48.096 48.047 47.998 47.952 47.906 47.862 47.821 47.780 47.741 47.703 47.665 47.629 47.594 47.561 47.530 47.502 47.477 47.454 47.433 47.411 47.390 47.367 47.340 47.310 47.276 47.238 47.196 47.154 47.110 47.068 47.029 46.992 46.959 46.931 46.905 46.883 46.864
48.736 48.679 48.631 48.588 48.552 48.521 48.494 48.473 48.453 48.441 48.431 48.422 48.416 48.412 48.408 48.405 48.402 48.398 48.394 48.387 48.377 48.365 48.351 48.333 48.312 48.287 48.259 48.227 48.192 48.153 48.110 48.066 48.019 47.972 47.923 47.876 47.830 47.786 47.743 47.702 47.663 47.627 47.591 47.556 47.522 47.489 47.455 47.425 47.396 47.369 47.344 47.321 47.299 47.278 47.256 47.233 47.207 47.177 47.144 47.107 47.068 47.027 46.986 46.945 46.906 46.871 46.839 46.812 46.787 46.765 46.745
48.572 48.512 48.458 48.412 48.373 48.339 48.310 48.287 48.267 48.253 48.243 48.234 48.229 48.226 48.222 48.220 48.218 48.215 48.211 48.204 48.196 48.185 48.170 48.152 48.131 48.106 48.078 48.046 48.011 47.973 47.933 47.890 47.846 47.801 47.756 47.712 47.668 47.628 47.589 47.551 47.516 47.484 47.451 47.419 47.388 47.357 47.327 47.299 47.271 47.244 47.220 47.196 47.175 47.153 47.131 47.107 47.081 47.053 47.020 46.986 46.948 46.910 46.871 46.833 46.797 46.764 46.734 46.706 46.682 46.661 46.642
48.416 48.353 48.297 48.249 48.206 48.170 48.139 48.113 48.092 48.076 48.065 48.056 48.050 48.046 48.043 48.041 48.040 48.037 48.033 48.027 48.018 48.007 47.992 47.974 47.952 47.928 47.900 47.870 47.837 47.801 47.762 47.723 47.681 47.639 47.598 47.557 47.519 47.481 47.446 47.412 47.381 47.352 47.323 47.294 47.265 47.237 47.210 47.182 47.156 47.130 47.105 47.083 47.060 47.038 47.015 46.991 46.965 46.937 46.907 46.874 46.840 46.805 46.769 46.734 46.701 46.670 46.642 46.616 46.594 46.573 46.554
48.270 48.205 48.147 48.097 48.053 48.014 47.982 47.954 47.931 47.913 47.900 47.890 47.883 47.877 47.874 47.871 47.869 47.867 47.862 47.856 47.847 47.835 47.821 47.802 47.782 47.758 47.732 47.703 47.672 47.638 47.603 47.566 47.528 47.491 47.453 47.416 47.382 47.348 47.316 47.287 47.259 47.233 47.207 47.180 47.155 47.129 47.102 47.077 47.052 47.026 47.002 46.978 46.955 46.932 46.910 46.885 46.860 46.834 46.805 46.774 46.743 46.711 46.679 46.648 46.618 46.590 46.565 46.541 46.519 46.499 46.481
48.133 48.068 48.010 47.958 47.913 47.873 47.839 47.809 47.785 47.765 47.751 47.739 47.729 47.723 47.717 47.713 47.710 47.706 47.701 47.695 47.685 47.674 47.660 47.642 47.622 47.600 47.576 47.548 47.520 47.490 47.457 47.424 47.390 47.357 47.323 47.290 47.260 47.230 47.202 47.175 47.150 47.126 47.103 47.079 47.056 47.031 47.007 46.983 46.957 46.933 46.908 46.885 46.861 46.838 46.814 46.791 46.766 46.740 46.714 46.686 46.657 46.629 46.601 46.573 46.546 46.522 46.498 46.476 46.457 46.438 46.420
48.006 47.942 47.884 47.832 47.787 47.746 47.710 47.680 47.653 47.632 47.615 47.601 47.590 47.581 47.574 47.568 47.564 47.558 47.553 47.545 47.536 47.524 47.511 47.494 47.476 47.456 47.433 47.409 47.384 47.356 47.328 47.298 47.269 47.239 47.209 47.181 47.153 47.126 47.101 47.077 47.054 47.032 47.011 46.989 46.968 46.945 46.922 46.898 46.874 46.851 46.826 46.801 46.778 46.754 46.731 46.707 46.683 46.659 46.634 46.608 46.584 46.558 46.533 46.508 46.486 46.463 46.442 46.423 46.404 46.386 46.370
47.888 47.827 47.769 47.718 47.673 47.632 47.595 47.564 47.536 47.513 47.494 47.478 47.465 47.454 47.444 47.437 47.431 47.424 47.416 47.409 47.399 47.389 47.376 47.362 47.345 47.327 47.307 47.286 47.263 47.239 47.215 47.190 47.163 47.137 47.110 47.085 47.060 47.036 47.013 46.991 46.970 46.950 46.930 46.910 46.889 46.868 46.846 46.823 46.801 46.776 46.753 46.729 46.705 46.682 46.658 46.635 46.612 46.588 46.565 46.543 46.520 46.497 46.475 46.454 46.433 46.413 46.395 46.377 46.359 46.344 46.328
47.780 47.720 47.664 47.615 47.569 47.528 47.491 47.459 47.430 47.406 47.385 47.368 47.352 47.340 47.329 47.319 47.311 47.303 47.295 47.286 47.278 47.267 47.255 47.243 47.228 47.212 47.196 47.178 47.159 47.139 47.117 47.095 47.072 47.048 47.026 47.002 46.979 46.957 46.936 46.916 46.896 46.877 46.859 46.839 46.820 46.800 46.779 46.758 46.735 46.713 46.689 46.666 46.642 46.619 46.597 46.574 46.551 46.530 46.508 46.486 46.465 46.446 46.426 46.407 46.388 46.371 46.354 46.338 46.322 46.306 46.292
47.679 47.621 47.567 47.519 47.474 47.433 47.396 47.364 47.335 47.309 47.288 47.269 47.252 47.237 47.225 47.213 47.204 47.196 47.187 47.178 47.169 47.159 47.149 47.139 47.126 47.113 47.100 47.085 47.068 47.051 47.032 47.013 46.993 46.972 46.951 46.930 46.908 46.888 46.868 46.849 46.830 46.812 46.795 46.776 46.758 46.739 46.720 46.699 46.678 46.657 46.634 46.612 46.590 46.567 46.544 46.523 46.501 46.480 46.459 46.439 46.421 46.402 46.384 46.367 46.351 46.334 46.320 46.304 46.289 46.275 46.260
47.585 47.530 47.477 47.430 47.386 47.346 47.309 47.277 47.247 47.222 47.199 47.180 47.162 47.147 47.133 47.120 47.110 47.100 47.091 47.083 47.074 47.065 47.057 47.048 47.037 47.026 47.015 47.002 46.989 46.974 46.958 46.941 46.923 46.904 46.884 46.865 46.845 46.826 46.807 46.789 46.770 46.753 46.737 46.720 46.702 46.685 46.667 46.648 46.629 46.608 46.588 46.566 46.545 46.523 46.502 46.481 46.460 46.441 46.421 46.402 46.384 46.366 46.349 46.334 46.318 46.304 46.289 46.274 46.261 46.246 46.234
47.497 47.442 47.392 47.346 47.303 47.263 47.227 47.194 47.166 47.141 47.118 47.099 47.081 47.064 47.051 47.038 47.027 47.018 47.009 47.000 46.991 46.983 46.975 46.967 46.959 46.950 46.940 46.930 46.918 46.905 46.891 46.876 46.859 46.842 46.824 46.805 46.787 46.769 46.751 46.733 46.716 46.701 46.685 46.669 46.653 46.637 46.620 46.603 46.585 46.567 46.547 46.527 46.508 46.488 46.467 46.448 46.428 46.409 46.390 46.371 46.354 46.338 46.322 46.306 46.292 46.277 46.263 46.250 46.236 46.223 46.211
47.415 47.362 47.313 47.267 47.225 47.186 47.151 47.119 47.090 47.066 47.044 47.024 47.007 46.992 46.978 46.966 46.955 46.945 46.937 46.928 46.920 46.912 46.905 46.897 46.889 46.881 46.873 46.863 46.854 46.842 46.829 46.815 46.800 46.784 46.767 46.750 46.733 46.716 46.699 46.683 46.667 46.653 46.638 46.623 46.609 46.594 46.579 46.563 46.547 46.530 46.513 46.495 46.477 46.459 46.440 46.421 46.403 46.384 46.366 46.348 46.331 46.315 46.299 46.284 46.270 46.256 46.242 46.229 46.216 46.202 46.191
47.338 47.287 47.239 47.193 47.153 47.114 47.079 47.048 47.020 46.997 46.976 46.957 46.941 46.926 46.914 46.903 46.893 46.883 46.874 46.866 46.858 46.850 46.843 46.835 46.828 46.820 46.812 46.804 46.794 46.784 46.772 46.760 46.746 46.730 46.715 46.699 46.683 46.668 46.652 46.637 46.623 46.609 46.595 46.583 46.569 46.556 46.542 46.528 46.513 46.499 46.483 46.468 46.451 46.433 46.417 46.399 46.381 46.364 46.346 46.330 46.313 46.297 46.281 46.266 46.252 46.238 46.225 46.212 46.199 46.186 46.175
47.265 47.216 47.169 47.124 47.083 47.047 47.013 46.982 46.955 46.933 46.914 46.897 46.882 46.870 46.858 46.848 46.839 46.830 46.821 46.813 46.804 46.796 46.788 46.781 46.773 46.765 46.757 46.747 46.738 46.729 46.718 46.707 46.694 46.681 46.666 46.652 46.638 46.624 46.609 46.596 46.583 46.570 46.558 46.545 46.534 46.521 46.510 46.496 46.484 46.470 46.457 46.442 46.427 46.413 46.397 46.381 46.365 46.348 46.331 46.314 46.298 46.283 46.267 46.252 46.238 46.224 46.210 46.198 46.184 46.173 46.161
47.197 47.149 47.103 47.059 47.019 46.983 46.951 46.922 46.896 46.875 46.857 46.843 46.831 46.820 46.810 46.801 46.793 46.785 46.776 46.768 46.758 46.750 46.741 46.731 46.723 46.714 46.706 46.697 46.688 46.679 46.669 46.658 46.647 46.636 46.624 46.610 46.597 46.585 46.572 46.560 46.547 46.536 46.525 46.513 46.503 46.491 46.480 46.469 46.457 46.445 46.433 46.421 46.407 46.393 46.379 46.364 46.350 46.334 46.318 46.302 46.286 46.270 46.254 46.240 46.226 46.212 46.198 46.186 46.173 46.161 46.149
47.131 47.084 47.039 46.997 46.958 46.924 46.892 46.865 46.841 46.823 46.807 46.794 46.784 46.775 46.767 46.760 46.753 46.746 46.737 46.729 46.719 46.710 46.699 46.689 46.679 46.670 46.661 46.651 46.643 46.634 46.625 46.615 46.606 46.596 46.585 46.573 46.562 46.550 46.539 46.528 46.516 46.506 46.495 46.485 46.474 46.464 46.453 46.443 46.432 46.421 46.411 46.399 46.388 46.375 46.363 46.349 46.335 46.320 46.305 46.290 46.275 46.259 46.244 46.229 46.215 46.201 46.188 46.174 46.162 46.149 46.139
47.067 47.021 46.978 46.938 46.901 46.867 46.838 46.812 46.791 46.774 46.760 46.749 46.742 46.736 46.730 46.724 46.718 46.711 46.704 46.695 46.686 46.674 46.664 46.652 46.641 46.631 46.622 46.612 46.603 46.595 46.587 46.579 46.570 46.562 46.552 46.542 46.532 46.521 46.511 46.500 46.490 46.479 46.470 46.459 46.450 46.439 46.430 46.420 46.410 46.400 46.391 46.380 46.370 46.359 46.348 46.335 46.322 46.309 46.294 46.279 46.264 46.249 46.234 46.220 46.205 46.191 46.177 46.165 46.151 46.139 46.128
47.004 46.961 46.919 46.881 46.847 46.815 46.788 46.764 46.745 46.730 46.719 46.710 46.704 46.700 46.696 46.692 46.689 46.683 46.675 46.667 46.656 46.645 46.633 46.621 46.609 46.598 46.589 46.579 46.571 46.564 46.556 46.549 46.542 46.533 46.525 46.517 46.507 46.498 46.487 46.478 46.468 46.458 46.448 46.437 46.428 46.418 46.408 46.398 46.390 46.380 46.371 46.362 46.353 46.342 46.332 46.320 46.309 46.296 46.282 46.268 46.254 46.239 46.224 46.210 46.195 46.182 46.168 46.155 46.141 46.129 46.118
46.944 46.902 46.864 46.828 46.796 46.767 46.741 46.721 46.703 46.690 46.681 46.675 46.671 46.669 46.667 46.665 46.662 46.658 46.651 46.642 46.632 46.620 46.607 46.595 46.584 46.572 46.562 46.553 46.545 46.538 46.531 46.525 46.518 46.511 46.504 46.495 46.487 46.478 46.468 46.459 46.448 46.438 46.428 46.418 46.409 46.398 46.389 46.379 46.371 46.363 46.353 46.345 46.336 46.327 46.317 46.307 46.295 46.283 46.271 46.257 46.242 46.229 46.214 46.200 46.185 46.171 46.157 46.144 46.131 46.119 46.107
46.885 46.847 46.810 46.778 46.747 46.722 46.699 46.681 46.665 46.655 46.648 46.643 46.641 46.641 46.640 46.640 46.638 46.634 46.628 46.620 46.610 46.598 46.587 46.574 46.563 46.551 46.542 46.532 46.525 46.518 46.512 46.507 46.500 46.494 46.486 46.478 46.470 46.461 46.452 46.441 46.431 46.422 46.411 46.401 46.390 46.381 46.372 46.362 46.354 46.346 46.337 46.329 46.320 46.312 46.302 46.293 46.282 46.271 46.258 46.245 46.231 46.217 46.203 46.189 46.174 46.161 46.147 46.133 46.120 46.107 46.095
46.830 46.793 46.760 46.730 46.703 46.679 46.660 46.643 46.631 46.622 46.617 46.614 46.613 46.613 46.614 46.615 46.614 46.612 46.607 46.599 46.590 46.580 46.568 46.557 46.545 46.534 46.525 46.516 46.510 46.503 46.497 46.491 46.485 46.479 46.471 46.464 46.455 46.446 46.436 46.426 46.416 46.405 46.395 46.385 46.375 46.365 46.356 46.346 46.338 46.330 46.322 46.314 46.306 46.298 46.288 46.279 46.270 46.258 46.246 46.233 46.220 46.206 46.192 46.177 46.163 46.150 46.136 46.123 46.109 46.096 46.084
46.777 46.744 46.713 46.686 46.662 46.641 46.624 46.609 46.598 46.591 46.587 46.585 46.585 46.586 46.588 46.590 46.590 46.589 46.585 46.578 46.570 46.562 46.551 46.541 46.530 46.520 46.512 46.504 46.497 46.490 46.485 46.478 46.472 46.465 46.458 46.450 46.441 46.432 46.422 46.412 46.401 46.391 46.381 46.370 46.361 46.351 46.342 46.333 46.324 46.317 46.308 46.301 46.293 46.285 46.276 46.267 46.257 46.246 46.234 46.222 46.208 46.195 46.181 46.166 46.153 46.139 46.125 46.112 46.099 46.086 46.073
46.730 46.698 46.671 46.646 46.624 46.606 46.590 46.578 46.569 46.563 46.559 46.557 46.558 46.560 46.562 46.564 46.565 46.565 46.562 46.557 46.552 46.544 46.534 46.526 46.517 46.508 46.500 46.492 46.485 46.479 46.474 46.467 46.460 46.452 46.445 46.436 46.427 46.419 46.408 46.399 46.388 46.378 46.369 46.358 46.348 46.339 46.330 46.321 46.312 46.304 46.297 46.288 46.281 46.273 46.264 46.256 46.246 46.235 46.223 46.211 46.198 46.185 46.171 46.158 46.143 46.130 46.116 46.103 46.089 46.076 46.065
