libCpp/geoids_lastools/EGM08_REDNAP.asc
NCOLS 841
NROWS 541
XLLCENTER -9.5
YLLCENTER 35
CELLSIZE 0.01666666
NODATA_VALUE -999
[rows 256 to 287 of 541, columns 284 to 354 of 841]
53.553 53.553 53.554 53.555 53.555 53.554 53.551 53.545 53.538 53.527 53.514 53.499 53.482 53.463 53.444 53.424 53.402 53.380 53.358 53.339 53.321 53.306 53.293 53.281 53.271 53.263 53.256 53.251 53.245 53.238 53.231 53.222 53.211 53.197 53.182 53.165 53.146 53.129 53.112 53.096 53.079 53.062 53.046 53.031 53.017 53.003 52.988 52.973 52.956 52.938 52.920 52.897 52.875 52.853 52.831 52.812 52.793 52.776 52.761 52.748 52.735 52.722 52.709 52.695 52.681 52.659 52.637 52.613 52.589 52.564 52.539
53.639 53.640 53.641 53.643 53.644 53.642 53.640 53.636 53.629 53.619 53.606 53.590 53.573 53.554 53.534 53.513 53.491 53.468 53.447 53.427 53.409 53.393 53.379 53.365 53.354 53.344 53.336 53.328 53.319 53.312 53.302 53.291 53.278 53.263 53.246 53.228 53.207 53.189 53.171 53.153 53.135 53.118 53.100 53.083 53.069 53.055 53.040 53.025 53.007 52.990 52.972 52.950 52.928 52.907 52.886 52.868 52.849 52.832 52.817 52.804 52.790 52.777 52.764 52.750 52.734 52.711 52.686 52.660 52.635 52.607 52.579
53.731 53.732 53.734 53.736 53.738 53.737 53.736 53.732 53.726 53.715 53.701 53.685 53.667 53.647 53.626 53.604 53.581 53.558 53.536 53.515 53.496 53.479 53.463 53.447 53.435 53.422 53.411 53.400 53.389 53.378 53.367 53.353 53.340 53.323 53.305 53.285 53.265 53.247 53.227 53.208 53.190 53.170 53.152 53.133 53.119 53.104 53.089 53.074 53.057 53.040 53.023 53.002 52.981 52.960 52.940 52.920 52.902 52.885 52.871 52.856 52.842 52.829 52.815 52.799 52.784 52.758 52.730 52.702 52.673 52.643 52.613
53.828 53.830 53.832 53.835 53.838 53.838 53.837 53.833 53.826 53.815 53.801 53.784 53.765 53.743 53.721 53.698 53.673 53.649 53.626 53.605 53.584 53.565 53.547 53.529 53.512 53.497 53.481 53.468 53.454 53.441 53.427 53.413 53.397 53.380 53.362 53.342 53.322 53.303 53.283 53.264 53.244 53.224 53.205 53.185 53.170 53.155 53.139 53.124 53.108 53.091 53.075 53.054 53.033 53.012 52.993 52.973 52.955 52.938 52.922 52.907 52.893 52.878 52.862 52.846 52.828 52.799 52.769 52.738 52.705 52.672 52.639
53.929 53.931 53.935 53.938 53.941 53.942 53.942 53.938 53.931 53.918 53.903 53.885 53.864 53.842 53.817 53.793 53.767 53.742 53.717 53.693 53.670 53.649 53.628 53.607 53.588 53.568 53.550 53.533 53.516 53.500 53.485 53.470 53.453 53.436 53.419 53.400 53.380 53.361 53.342 53.322 53.302 53.282 53.261 53.242 53.225 53.210 53.194 53.179 53.163 53.147 53.130 53.110 53.089 53.068 53.049 53.029 53.010 52.991 52.975 52.959 52.944 52.928 52.910 52.891 52.872 52.839 52.806 52.771 52.734 52.698 52.661
54.028 54.031 54.035 54.040 54.044 54.046 54.045 54.042 54.034 54.022 54.006 53.985 53.963 53.939 53.914 53.887 53.860 53.833 53.806 53.780 53.755 53.732 53.709 53.684 53.661 53.638 53.617 53.596 53.577 53.560 53.543 53.528 53.512 53.497 53.481 53.464 53.446 53.428 53.410 53.391 53.370 53.350 53.329 53.307 53.291 53.275 53.258 53.242 53.226 53.208 53.192 53.171 53.150 53.129 53.108 53.088 53.068 53.048 53.031 53.014 52.997 52.978 52.958 52.936 52.914 52.879 52.842 52.804 52.765 52.725 52.686
54.118 54.122 54.128 54.134 54.139 54.142 54.143 54.139 54.131 54.118 54.102 54.080 54.057 54.032 54.006 53.977 53.949 53.920 53.892 53.864 53.838 53.812 53.787 53.759 53.732 53.706 53.682 53.659 53.637 53.618 53.604 53.592 53.580 53.568 53.556 53.543 53.528 53.512 53.494 53.475 53.454 53.432 53.410 53.388 53.369 53.351 53.333 53.315 53.297 53.278 53.261 53.239 53.217 53.195 53.173 53.152 53.130 53.109 53.090 53.070 53.050 53.029 53.006 52.982 52.956 52.919 52.881 52.840 52.799 52.757 52.715
54.194 54.201 54.208 54.215 54.222 54.226 54.228 54.224 54.217 54.205 54.187 54.167 54.143 54.117 54.089 54.062 54.033 54.003 53.974 53.946 53.918 53.890 53.863 53.832 53.803 53.774 53.747 53.723 53.700 53.679 53.667 53.657 53.649 53.641 53.634 53.625 53.615 53.600 53.582 53.563 53.542 53.520 53.497 53.472 53.453 53.433 53.413 53.393 53.373 53.352 53.332 53.309 53.286 53.263 53.240 53.216 53.193 53.170 53.148 53.127 53.104 53.081 53.055 53.028 52.998 52.959 52.919 52.876 52.832 52.788 52.745
54.255 54.262 54.271 54.280 54.288 54.293 54.296 54.294 54.288 54.276 54.260 54.240 54.217 54.191 54.164 54.137 54.108 54.079 54.049 54.021 53.993 53.965 53.936 53.905 53.873 53.843 53.814 53.788 53.764 53.743 53.733 53.726 53.722 53.718 53.714 53.709 53.703 53.689 53.672 53.652 53.631 53.608 53.584 53.559 53.538 53.516 53.495 53.472 53.450 53.427 53.405 53.381 53.355 53.330 53.304 53.279 53.254 53.229 53.206 53.182 53.157 53.131 53.103 53.073 53.041 53.001 52.958 52.913 52.867 52.821 52.776
54.296 54.306 54.315 54.326 54.335 54.343 54.346 54.346 54.341 54.330 54.316 54.298 54.276 54.252 54.227 54.201 54.173 54.146 54.118 54.091 54.062 54.035 54.007 53.975 53.943 53.912 53.882 53.854 53.830 53.807 53.799 53.796 53.794 53.793 53.792 53.792 53.790 53.777 53.760 53.741 53.719 53.696 53.671 53.645 53.621 53.599 53.575 53.552 53.527 53.501 53.476 53.449 53.422 53.395 53.366 53.339 53.312 53.285 53.259 53.234 53.207 53.180 53.149 53.117 53.082 53.041 52.996 52.950 52.903 52.854 52.807
54.321 54.330 54.342 54.353 54.363 54.372 54.377 54.377 54.374 54.366 54.354 54.339 54.319 54.298 54.276 54.253 54.227 54.203 54.178 54.152 54.127 54.100 54.074 54.042 54.010 53.978 53.947 53.919 53.894 53.871 53.864 53.862 53.863 53.865 53.868 53.871 53.871 53.859 53.842 53.823 53.801 53.777 53.752 53.726 53.702 53.677 53.653 53.627 53.600 53.572 53.544 53.515 53.485 53.455 53.425 53.395 53.366 53.337 53.309 53.282 53.254 53.224 53.193 53.159 53.121 53.079 53.034 52.986 52.937 52.886 52.837
54.327 54.337 54.349 54.360 54.372 54.381 54.388 54.391 54.390 54.384 54.374 54.362 54.345 54.328 54.309 54.289 54.268 54.246 54.225 54.202 54.180 54.155 54.131 54.101 54.069 54.038 54.007 53.979 53.954 53.930 53.922 53.918 53.918 53.918 53.920 53.921 53.922 53.910 53.895 53.877 53.858 53.836 53.813 53.789 53.766 53.741 53.716 53.690 53.662 53.634 53.604 53.572 53.541 53.508 53.476 53.443 53.412 53.382 53.352 53.323 53.294 53.263 53.230 53.194 53.155 53.110 53.062 53.012 52.960 52.906 52.855
54.319 54.330 54.342 54.354 54.366 54.376 54.384 54.387 54.388 54.386 54.378 54.369 54.356 54.343 54.329 54.313 54.296 54.279 54.261 54.243 54.223 54.201 54.179 54.151 54.121 54.091 54.061 54.033 54.007 53.983 53.971 53.966 53.963 53.960 53.959 53.959 53.958 53.948 53.935 53.920 53.903 53.884 53.865 53.843 53.821 53.798 53.774 53.748 53.720 53.691 53.659 53.627 53.592 53.558 53.523 53.490 53.456 53.423 53.392 53.361 53.331 53.298 53.263 53.226 53.185 53.139 53.089 53.036 52.981 52.925 52.870
54.305 54.315 54.327 54.339 54.351 54.361 54.370 54.376 54.378 54.377 54.374 54.367 54.359 54.349 54.339 54.327 54.316 54.303 54.289 54.274 54.258 54.240 54.219 54.194 54.165 54.136 54.107 54.079 54.052 54.028 54.014 54.005 53.998 53.993 53.990 53.988 53.984 53.976 53.966 53.954 53.941 53.926 53.908 53.890 53.870 53.849 53.826 53.801 53.773 53.744 53.712 53.677 53.641 53.605 53.568 53.532 53.497 53.462 53.429 53.397 53.364 53.331 53.295 53.256 53.213 53.164 53.113 53.058 53.000 52.942 52.884
54.286 54.297 54.308 54.321 54.332 54.343 54.352 54.358 54.362 54.364 54.362 54.358 54.354 54.348 54.342 54.335 54.328 54.320 54.310 54.299 54.286 54.270 54.251 54.227 54.201 54.173 54.144 54.116 54.089 54.064 54.047 54.035 54.025 54.018 54.013 54.008 54.004 53.997 53.990 53.981 53.971 53.960 53.946 53.931 53.914 53.895 53.874 53.849 53.822 53.793 53.760 53.724 53.688 53.650 53.611 53.574 53.537 53.500 53.466 53.431 53.397 53.361 53.323 53.283 53.238 53.188 53.135 53.078 53.018 52.958 52.897
54.268 54.279 54.290 54.302 54.313 54.324 54.332 54.340 54.345 54.348 54.349 54.349 54.347 54.345 54.343 54.340 54.335 54.330 54.324 54.316 54.305 54.292 54.276 54.254 54.229 54.201 54.173 54.144 54.117 54.092 54.073 54.058 54.045 54.035 54.028 54.022 54.017 54.013 54.008 54.003 53.997 53.988 53.979 53.968 53.954 53.936 53.917 53.893 53.868 53.839 53.806 53.771 53.732 53.693 53.654 53.614 53.576 53.538 53.501 53.464 53.428 53.390 53.350 53.308 53.261 53.210 53.155 53.096 53.034 52.972 52.909
54.252 54.262 54.273 54.284 54.295 54.305 54.315 54.324 54.330 54.334 54.338 54.340 54.341 54.341 54.342 54.342 54.341 54.338 54.335 54.329 54.319 54.308 54.292 54.272 54.248 54.222 54.193 54.166 54.138 54.113 54.093 54.075 54.062 54.052 54.043 54.038 54.033 54.030 54.028 54.026 54.022 54.017 54.011 54.002 53.990 53.975 53.957 53.935 53.910 53.881 53.849 53.813 53.775 53.735 53.695 53.654 53.614 53.575 53.536 53.498 53.459 53.419 53.378 53.333 53.285 53.233 53.176 53.117 53.055 52.991 52.928
54.237 54.246 54.257 54.267 54.279 54.290 54.299 54.309 54.316 54.323 54.328 54.332 54.335 54.338 54.340 54.343 54.344 54.343 54.341 54.337 54.329 54.318 54.303 54.283 54.260 54.235 54.208 54.180 54.153 54.130 54.109 54.093 54.080 54.070 54.063 54.058 54.055 54.054 54.054 54.053 54.051 54.047 54.042 54.035 54.024 54.010 53.992 53.972 53.947 53.919 53.888 53.852 53.813 53.773 53.733 53.692 53.650 53.610 53.570 53.529 53.490 53.448 53.405 53.358 53.309 53.256 53.199 53.139 53.077 53.013 52.949
54.223 54.232 54.243 54.254 54.265 54.276 54.286 54.297 54.306 54.315 54.322 54.328 54.333 54.337 54.341 54.345 54.347 54.347 54.345 54.341 54.333 54.322 54.308 54.289 54.266 54.242 54.216 54.189 54.164 54.141 54.121 54.106 54.095 54.087 54.080 54.077 54.075 54.075 54.077 54.076 54.076 54.073 54.068 54.062 54.052 54.038 54.022 54.001 53.977 53.949 53.919 53.883 53.845 53.805 53.764 53.723 53.682 53.641 53.599 53.558 53.516 53.474 53.429 53.381 53.332 53.278 53.222 53.161 53.099 53.036 52.971
54.210 54.219 54.230 54.241 54.252 54.265 54.276 54.288 54.300 54.309 54.318 54.326 54.332 54.338 54.343 54.347 54.348 54.349 54.346 54.341 54.333 54.322 54.306 54.288 54.266 54.243 54.217 54.193 54.169 54.149 54.131 54.117 54.107 54.101 54.096 54.094 54.094 54.095 54.097 54.097 54.096 54.094 54.089 54.082 54.071 54.058 54.041 54.021 53.997 53.971 53.940 53.905 53.868 53.828 53.788 53.747 53.705 53.664 53.623 53.580 53.538 53.495 53.449 53.401 53.352 53.298 53.242 53.182 53.122 53.058 52.995
54.198 54.208 54.218 54.230 54.241 54.254 54.268 54.280 54.294 54.305 54.316 54.325 54.333 54.339 54.344 54.348 54.348 54.347 54.344 54.337 54.328 54.315 54.300 54.282 54.260 54.238 54.215 54.192 54.171 54.152 54.137 54.125 54.117 54.112 54.109 54.108 54.109 54.110 54.112 54.113 54.111 54.108 54.102 54.094 54.083 54.068 54.051 54.030 54.007 53.980 53.950 53.917 53.880 53.841 53.802 53.762 53.721 53.681 53.639 53.597 53.555 53.511 53.465 53.418 53.369 53.316 53.261 53.204 53.143 53.082 53.020
54.186 54.196 54.206 54.218 54.230 54.244 54.259 54.273 54.288 54.301 54.312 54.323 54.331 54.338 54.341 54.344 54.344 54.341 54.337 54.328 54.317 54.304 54.287 54.269 54.248 54.227 54.206 54.185 54.167 54.151 54.137 54.128 54.122 54.119 54.118 54.118 54.119 54.121 54.122 54.122 54.119 54.115 54.107 54.098 54.085 54.069 54.050 54.029 54.005 53.978 53.949 53.917 53.882 53.845 53.806 53.767 53.728 53.688 53.648 53.606 53.564 53.522 53.478 53.431 53.383 53.332 53.279 53.223 53.165 53.105 53.044
54.178 54.187 54.196 54.208 54.220 54.234 54.250 54.265 54.281 54.295 54.306 54.317 54.326 54.331 54.335 54.336 54.334 54.329 54.322 54.312 54.299 54.284 54.267 54.248 54.228 54.207 54.187 54.169 54.153 54.138 54.128 54.122 54.117 54.117 54.118 54.119 54.122 54.123 54.124 54.123 54.119 54.113 54.104 54.093 54.079 54.061 54.041 54.019 53.994 53.968 53.939 53.907 53.874 53.839 53.802 53.765 53.727 53.689 53.650 53.610 53.570 53.528 53.485 53.440 53.394 53.345 53.294 53.240 53.184 53.127 53.068
54.174 54.181 54.189 54.199 54.211 54.224 54.239 54.254 54.270 54.284 54.297 54.307 54.315 54.320 54.323 54.321 54.317 54.311 54.302 54.290 54.275 54.258 54.240 54.221 54.201 54.182 54.163 54.147 54.133 54.121 54.113 54.109 54.107 54.108 54.111 54.113 54.116 54.118 54.118 54.116 54.111 54.104 54.093 54.081 54.064 54.045 54.024 54.001 53.976 53.950 53.922 53.891 53.858 53.824 53.790 53.754 53.718 53.681 53.645 53.607 53.569 53.529 53.488 53.445 53.401 53.354 53.305 53.254 53.200 53.144 53.087
54.173 54.177 54.184 54.192 54.202 54.214 54.227 54.241 54.256 54.270 54.281 54.290 54.298 54.302 54.302 54.301 54.295 54.287 54.276 54.261 54.245 54.228 54.209 54.190 54.171 54.153 54.136 54.120 54.107 54.098 54.092 54.090 54.090 54.092 54.096 54.099 54.103 54.105 54.104 54.102 54.096 54.088 54.076 54.062 54.044 54.024 54.002 53.978 53.953 53.926 53.899 53.868 53.837 53.804 53.771 53.737 53.703 53.668 53.633 53.597 53.562 53.525 53.486 53.445 53.402 53.358 53.311 53.261 53.209 53.155 53.100
54.175 54.176 54.180 54.186 54.192 54.202 54.213 54.226 54.239 54.250 54.260 54.269 54.275 54.278 54.277 54.274 54.267 54.258 54.244 54.230 54.213 54.195 54.175 54.157 54.138 54.120 54.104 54.090 54.079 54.070 54.066 54.065 54.067 54.070 54.075 54.079 54.083 54.085 54.084 54.081 54.076 54.066 54.054 54.039 54.021 54.000 53.976 53.952 53.927 53.900 53.872 53.843 53.811 53.779 53.747 53.715 53.683 53.650 53.617 53.583 53.548 53.513 53.476 53.437 53.395 53.353 53.309 53.261 53.210 53.158 53.104
54.178 54.178 54.179 54.181 54.185 54.191 54.198 54.208 54.217 54.228 54.236 54.243 54.247 54.249 54.247 54.243 54.236 54.226 54.213 54.198 54.181 54.162 54.142 54.123 54.105 54.088 54.071 54.058 54.047 54.039 54.035 54.035 54.038 54.042 54.047 54.052 54.056 54.059 54.058 54.055 54.049 54.040 54.028 54.013 53.994 53.973 53.949 53.925 53.899 53.872 53.844 53.814 53.783 53.752 53.720 53.689 53.658 53.627 53.595 53.562 53.529 53.495 53.460 53.422 53.382 53.341 53.297 53.251 53.202 53.152 53.099
54.186 54.182 54.179 54.178 54.178 54.181 54.184 54.189 54.196 54.203 54.209 54.214 54.217 54.219 54.218 54.213 54.206 54.196 54.183 54.167 54.151 54.132 54.111 54.092 54.074 54.056 54.040 54.026 54.015 54.006 54.002 54.002 54.004 54.009 54.014 54.020 54.024 54.026 54.026 54.023 54.018 54.009 53.998 53.983 53.964 53.943 53.920 53.896 53.869 53.842 53.814 53.784 53.752 53.722 53.690 53.659 53.628 53.597 53.566 53.535 53.503 53.470 53.435 53.398 53.359 53.319 53.276 53.231 53.184 53.135 53.084
54.195 54.189 54.183 54.177 54.173 54.172 54.171 54.172 54.175 54.179 54.182 54.186 54.189 54.190 54.190 54.186 54.180 54.170 54.158 54.143 54.125 54.106 54.086 54.066 54.047 54.028 54.010 53.996 53.982 53.972 53.967 53.967 53.969 53.972 53.977 53.983 53.988 53.990 53.990 53.987 53.983 53.975 53.964 53.950 53.932 53.912 53.890 53.865 53.838 53.811 53.783 53.752 53.720 53.689 53.656 53.625 53.594 53.563 53.532 53.501 53.470 53.437 53.402 53.366 53.327 53.288 53.246 53.202 53.156 53.109 53.061
54.206 54.197 54.188 54.178 54.170 54.162 54.157 54.155 54.154 54.156 54.157 54.161 54.163 54.164 54.165 54.162 54.157 54.149 54.138 54.124 54.107 54.087 54.066 54.045 54.025 54.004 53.986 53.968 53.953 53.940 53.933 53.931 53.932 53.935 53.939 53.943 53.948 53.951 53.951 53.949 53.945 53.938 53.927 53.914 53.897 53.878 53.855 53.831 53.805 53.778 53.749 53.717 53.685 53.652 53.619 53.587 53.556 53.524 53.493 53.461 53.429 53.397 53.361 53.325 53.287 53.247 53.207 53.165 53.121 53.076 53.030
54.214 54.204 54.192 54.179 54.166 54.155 54.146 54.140 54.136 54.135 54.135 54.137 54.141 54.143 54.145 54.144 54.141 54.134 54.124 54.110 54.093 54.074 54.052 54.029 54.006 53.984 53.963 53.943 53.925 53.910 53.900 53.896 53.896 53.897 53.900 53.903 53.908 53.910 53.910 53.908 53.904 53.897 53.888 53.875 53.859 53.840 53.818 53.793 53.767 53.740 53.710 53.678 53.645 53.611 53.578 53.544 53.512 53.479 53.448 53.416 53.384 53.349 53.315 53.279 53.241 53.202 53.162 53.122 53.079 53.036 52.993
54.223 54.210 54.196 54.180 54.163 54.148 54.136 54.126 54.121 54.117 54.117 54.119 54.122 54.126 54.129 54.130 54.129 54.123 54.113 54.101 54.084 54.063 54.040 54.016 53.992 53.967 53.944 53.920 53.899 53.881 53.869 53.863 53.861 53.861 53.862 53.865 53.868 53.870 53.868 53.866 53.862 53.855 53.846 53.833 53.818 53.798 53.777 53.753 53.726 53.699 53.670 53.637 53.602 53.567 53.533 53.498 53.464 53.431 53.399 53.366 53.333 53.299 53.264 53.228 53.190 53.152 53.114 53.075 53.034 52.995 52.955
