libCpp/geoids_lastools/EGM08_REDNAP.asc
NCOLS 841
NROWS 541
XLLCENTER -9.5
YLLCENTER 35
CELLSIZE 0.01666666
NODATA_VALUE -999
[rows 96 to 127 of 541, columns 426 to 496 of 841]
51.207 51.159 51.109 51.055 51.000 50.943 50.886 50.829 50.771 50.710 50.651 50.592 50.536 50.480 50.424 50.370 50.320 50.270 50.221 50.174 50.127 50.082 50.039 49.997 49.958 49.922 49.888 49.857 49.828 49.801 49.777 49.753 49.731 49.713 49.697 49.684 49.674 49.669 49.666 49.667 49.671 49.678 49.688 49.700 49.714 49.730 49.748 49.767 49.786 49.806 49.826 49.846 49.867 49.888 49.908 49.928 49.947 49.965 49.984 50.004 50.030 50.059 50.092 50.127 50.167 50.210 50.256 50.302 50.349 50.397 50.444
51.313 51.267 51.216 51.162 51.106 51.047 50.988 50.930 50.869 50.804 50.741 50.679 50.617 50.557 50.497 50.436 50.383 50.330 50.276 50.223 50.173 50.124 50.077 50.033 49.990 49.952 49.917 49.883 49.852 49.824 49.797 49.771 49.747 49.725 49.706 49.691 49.679 49.671 49.667 49.667 49.670 49.677 49.686 49.697 49.711 49.727 49.744 49.761 49.778 49.796 49.814 49.831 49.849 49.868 49.887 49.905 49.922 49.941 49.959 49.980 50.007 50.036 50.068 50.104 50.143 50.186 50.231 50.276 50.323 50.370 50.416
51.429 51.383 51.333 51.280 51.223 51.163 51.103 51.043 50.979 50.911 50.843 50.777 50.711 50.646 50.580 50.513 50.456 50.397 50.339 50.282 50.226 50.173 50.123 50.075 50.030 49.988 49.951 49.916 49.882 49.852 49.824 49.795 49.769 49.746 49.724 49.706 49.692 49.682 49.676 49.675 49.677 49.683 49.692 49.703 49.716 49.730 49.746 49.762 49.778 49.793 49.808 49.823 49.838 49.855 49.872 49.888 49.905 49.923 49.941 49.962 49.989 50.018 50.051 50.086 50.125 50.166 50.210 50.253 50.298 50.343 50.388
51.551 51.506 51.456 51.402 51.344 51.285 51.223 51.162 51.097 51.026 50.956 50.886 50.817 50.747 50.677 50.606 50.542 50.478 50.414 50.351 50.291 50.232 50.178 50.125 50.077 50.032 49.992 49.954 49.919 49.887 49.856 49.826 49.798 49.772 49.749 49.728 49.713 49.701 49.693 49.690 49.691 49.696 49.705 49.715 49.727 49.741 49.754 49.768 49.782 49.795 49.808 49.820 49.833 49.848 49.863 49.878 49.895 49.912 49.931 49.952 49.979 50.008 50.040 50.075 50.112 50.152 50.194 50.235 50.277 50.320 50.361
51.675 51.631 51.581 51.528 51.471 51.410 51.348 51.285 51.219 51.147 51.076 51.004 50.931 50.858 50.784 50.708 50.639 50.569 50.500 50.431 50.364 50.301 50.242 50.186 50.132 50.085 50.040 50.001 49.963 49.928 49.895 49.863 49.832 49.805 49.779 49.757 49.739 49.725 49.716 49.712 49.711 49.715 49.721 49.730 49.740 49.753 49.766 49.779 49.791 49.802 49.813 49.823 49.834 49.847 49.860 49.875 49.891 49.907 49.926 49.948 49.975 50.004 50.035 50.068 50.104 50.141 50.181 50.218 50.257 50.296 50.335
51.802 51.758 51.710 51.657 51.599 51.539 51.477 51.413 51.346 51.273 51.200 51.127 51.052 50.975 50.897 50.818 50.742 50.667 50.592 50.518 50.447 50.378 50.315 50.253 50.196 50.145 50.097 50.054 50.014 49.976 49.940 49.904 49.872 49.842 49.813 49.789 49.769 49.753 49.742 49.734 49.733 49.734 49.739 49.747 49.756 49.767 49.778 49.789 49.799 49.809 49.819 49.828 49.838 49.849 49.862 49.876 49.891 49.908 49.927 49.949 49.975 50.003 50.033 50.065 50.098 50.134 50.170 50.204 50.240 50.275 50.309
51.930 51.887 51.838 51.785 51.729 51.669 51.606 51.541 51.474 51.401 51.326 51.251 51.173 51.094 51.013 50.929 50.850 50.769 50.690 50.612 50.535 50.463 50.396 50.330 50.269 50.214 50.163 50.116 50.071 50.030 49.990 49.951 49.916 49.882 49.851 49.824 49.800 49.782 49.769 49.759 49.755 49.754 49.757 49.762 49.769 49.778 49.788 49.797 49.806 49.815 49.823 49.832 49.841 49.852 49.865 49.877 49.893 49.910 49.929 49.952 49.977 50.004 50.033 50.063 50.094 50.125 50.159 50.190 50.221 50.253 50.284
52.056 52.012 51.964 51.912 51.855 51.795 51.733 51.668 51.599 51.526 51.450 51.373 51.294 51.212 51.128 51.042 50.959 50.875 50.792 50.710 50.631 50.556 50.485 50.417 50.353 50.292 50.237 50.185 50.137 50.091 50.046 50.004 49.964 49.926 49.892 49.861 49.834 49.813 49.795 49.784 49.776 49.773 49.772 49.775 49.779 49.786 49.793 49.802 49.810 49.818 49.825 49.833 49.843 49.854 49.865 49.879 49.894 49.911 49.931 49.952 49.976 50.002 50.029 50.058 50.087 50.116 50.146 50.174 50.202 50.230 50.257
52.179 52.135 52.087 52.034 51.977 51.917 51.854 51.788 51.719 51.646 51.569 51.491 51.409 51.326 51.240 51.153 51.066 50.981 50.896 50.812 50.732 50.655 50.582 50.512 50.444 50.381 50.322 50.264 50.211 50.160 50.109 50.062 50.017 49.974 49.936 49.900 49.871 49.845 49.824 49.809 49.798 49.791 49.787 49.787 49.788 49.792 49.797 49.803 49.811 49.817 49.824 49.832 49.841 49.852 49.864 49.877 49.893 49.910 49.928 49.949 49.972 49.997 50.023 50.048 50.075 50.102 50.128 50.153 50.179 50.204 50.229
52.299 52.254 52.204 52.150 52.093 52.032 51.969 51.903 51.833 51.758 51.679 51.600 51.517 51.431 51.344 51.255 51.168 51.081 50.996 50.912 50.831 50.754 50.680 50.608 50.538 50.472 50.409 50.347 50.288 50.231 50.176 50.123 50.073 50.025 49.982 49.943 49.909 49.879 49.855 49.835 49.821 49.809 49.802 49.798 49.796 49.798 49.800 49.804 49.810 49.815 49.821 49.829 49.839 49.849 49.861 49.875 49.890 49.907 49.925 49.946 49.967 49.990 50.014 50.038 50.062 50.087 50.110 50.134 50.156 50.178 50.201
52.413 52.367 52.316 52.262 52.203 52.142 52.077 52.011 51.939 51.863 51.784 51.702 51.618 51.531 51.443 51.355 51.267 51.180 51.095 51.013 50.933 50.857 50.783 50.711 50.640 50.571 50.504 50.439 50.374 50.311 50.249 50.191 50.135 50.083 50.034 49.991 49.952 49.918 49.890 49.867 49.847 49.832 49.821 49.813 49.806 49.805 49.804 49.806 49.809 49.813 49.819 49.825 49.834 49.845 49.858 49.871 49.886 49.902 49.921 49.940 49.961 49.982 50.004 50.026 50.049 50.071 50.092 50.114 50.134 50.154 50.174
52.523 52.475 52.423 52.367 52.308 52.245 52.180 52.111 52.039 51.962 51.882 51.799 51.714 51.626 51.539 51.450 51.363 51.277 51.194 51.114 51.037 50.962 50.890 50.817 50.745 50.675 50.605 50.535 50.464 50.396 50.329 50.265 50.203 50.145 50.092 50.044 50.002 49.964 49.932 49.904 49.881 49.861 49.845 49.833 49.822 49.816 49.812 49.811 49.811 49.813 49.818 49.824 49.832 49.843 49.855 49.868 49.882 49.899 49.916 49.934 49.953 49.973 49.993 50.013 50.034 50.054 50.074 50.093 50.112 50.130 50.146
52.629 52.578 52.524 52.467 52.406 52.343 52.276 52.208 52.134 52.056 51.976 51.892 51.806 51.719 51.631 51.543 51.458 51.374 51.293 51.215 51.139 51.067 50.996 50.924 50.852 50.779 50.707 50.633 50.559 50.484 50.412 50.342 50.276 50.214 50.156 50.105 50.058 50.018 49.981 49.949 49.922 49.898 49.877 49.859 49.844 49.834 49.826 49.821 49.819 49.819 49.821 49.826 49.833 49.843 49.855 49.868 49.882 49.897 49.914 49.931 49.949 49.966 49.985 50.003 50.023 50.040 50.058 50.075 50.091 50.107 50.122
52.728 52.676 52.619 52.561 52.500 52.436 52.370 52.300 52.227 52.149 52.068 51.985 51.898 51.811 51.724 51.636 51.552 51.469 51.390 51.314 51.241 51.170 51.101 51.029 50.957 50.882 50.807 50.729 50.651 50.573 50.496 50.421 50.351 50.285 50.224 50.169 50.120 50.076 50.035 50.000 49.968 49.940 49.915 49.893 49.873 49.858 49.846 49.838 49.832 49.829 49.829 49.832 49.839 49.848 49.859 49.872 49.886 49.901 49.917 49.933 49.949 49.965 49.982 49.998 50.016 50.032 50.047 50.061 50.074 50.087 50.101
52.822 52.768 52.711 52.651 52.590 52.526 52.460 52.391 52.318 52.241 52.160 52.076 51.991 51.903 51.816 51.731 51.646 51.564 51.487 51.412 51.340 51.271 51.201 51.129 51.056 50.981 50.903 50.823 50.741 50.659 50.578 50.501 50.427 50.358 50.294 50.236 50.185 50.138 50.094 50.055 50.020 49.989 49.959 49.932 49.907 49.888 49.871 49.859 49.850 49.845 49.843 49.845 49.850 49.859 49.870 49.882 49.896 49.910 49.926 49.941 49.956 49.971 49.985 50.000 50.014 50.029 50.041 50.053 50.064 50.075 50.085
52.910 52.853 52.796 52.736 52.676 52.612 52.547 52.480 52.409 52.333 52.253 52.170 52.085 51.998 51.911 51.825 51.742 51.660 51.582 51.508 51.436 51.366 51.296 51.223 51.149 51.072 50.992 50.909 50.825 50.740 50.657 50.577 50.501 50.430 50.363 50.304 50.250 50.201 50.155 50.113 50.075 50.039 50.006 49.974 49.945 49.921 49.902 49.885 49.873 49.864 49.861 49.861 49.866 49.873 49.884 49.897 49.911 49.925 49.941 49.956 49.970 49.983 49.996 50.010 50.022 50.034 50.045 50.054 50.063 50.071 50.078
52.989 52.932 52.875 52.815 52.755 52.694 52.632 52.567 52.497 52.423 52.345 52.264 52.180 52.094 52.008 51.922 51.837 51.755 51.677 51.601 51.528 51.456 51.384 51.309 51.233 51.153 51.071 50.986 50.900 50.813 50.728 50.647 50.569 50.497 50.430 50.369 50.314 50.263 50.215 50.171 50.129 50.090 50.053 50.018 49.984 49.957 49.933 49.914 49.898 49.888 49.881 49.880 49.883 49.891 49.901 49.913 49.927 49.943 49.959 49.973 49.986 49.998 50.010 50.022 50.033 50.043 50.051 50.057 50.063 50.068 50.075
53.059 53.002 52.945 52.887 52.830 52.771 52.711 52.649 52.583 52.512 52.437 52.358 52.275 52.191 52.104 52.018 51.932 51.849 51.768 51.691 51.614 51.540 51.465 51.387 51.308 51.225 51.141 51.055 50.967 50.878 50.793 50.710 50.633 50.559 50.492 50.430 50.374 50.322 50.273 50.226 50.182 50.140 50.099 50.061 50.024 49.994 49.966 49.943 49.925 49.911 49.903 49.900 49.902 49.909 49.918 49.930 49.944 49.960 49.976 49.990 50.002 50.013 50.024 50.034 50.043 50.050 50.056 50.060 50.064 50.067 50.070
53.121 53.065 53.008 52.952 52.897 52.842 52.785 52.726 52.664 52.596 52.524 52.447 52.367 52.284 52.198 52.111 52.025 51.940 51.857 51.775 51.697 51.618 51.539 51.459 51.376 51.291 51.204 51.116 51.027 50.939 50.852 50.770 50.692 50.619 50.551 50.489 50.432 50.378 50.327 50.279 50.232 50.187 50.143 50.101 50.062 50.029 49.999 49.972 49.951 49.935 49.924 49.918 49.919 49.925 49.933 49.945 49.958 49.973 49.988 50.002 50.013 50.023 50.032 50.041 50.048 50.053 50.057 50.059 50.060 50.062 50.064
53.175 53.119 53.064 53.010 52.958 52.905 52.852 52.796 52.738 52.673 52.605 52.532 52.453 52.372 52.287 52.201 52.114 52.026 51.941 51.857 51.774 51.692 51.609 51.525 51.439 51.352 51.264 51.174 51.084 50.995 50.910 50.827 50.750 50.676 50.608 50.546 50.487 50.433 50.380 50.329 50.280 50.233 50.186 50.141 50.099 50.062 50.029 50.001 49.976 49.958 49.944 49.936 49.934 49.938 49.944 49.954 49.967 49.981 49.995 50.007 50.016 50.026 50.034 50.041 50.047 50.050 50.052 50.053 50.053 50.053 50.053
53.222 53.167 53.114 53.063 53.012 52.963 52.912 52.860 52.804 52.744 52.679 52.607 52.532 52.452 52.368 52.283 52.195 52.107 52.020 51.933 51.848 51.762 51.677 51.589 51.501 51.412 51.322 51.232 51.142 51.053 50.968 50.886 50.808 50.736 50.667 50.604 50.544 50.488 50.433 50.380 50.328 50.279 50.230 50.182 50.137 50.097 50.060 50.027 50.000 49.977 49.959 49.946 49.942 49.943 49.948 49.956 49.965 49.978 49.992 50.002 50.010 50.018 50.025 50.031 50.034 50.037 50.038 50.037 50.036 50.036 50.037
53.260 53.207 53.155 53.105 53.058 53.011 52.963 52.913 52.860 52.802 52.740 52.672 52.599 52.521 52.439 52.355 52.268 52.180 52.092 52.004 51.916 51.828 51.741 51.653 51.563 51.472 51.382 51.292 51.202 51.115 51.030 50.949 50.871 50.797 50.729 50.663 50.602 50.544 50.486 50.431 50.378 50.325 50.273 50.223 50.176 50.133 50.093 50.057 50.024 49.996 49.974 49.956 49.949 49.946 49.947 49.952 49.960 49.970 49.982 49.990 49.996 50.002 50.007 50.011 50.014 50.016 50.017 50.015 50.014 50.015 50.016
53.287 53.237 53.188 53.141 53.095 53.050 53.004 52.956 52.905 52.850 52.788 52.723 52.652 52.577 52.498 52.415 52.330 52.243 52.155 52.067 51.980 51.891 51.804 51.715 51.625 51.536 51.445 51.357 51.268 51.182 51.097 51.016 50.939 50.864 50.795 50.727 50.664 50.602 50.542 50.484 50.428 50.373 50.320 50.268 50.218 50.172 50.128 50.089 50.052 50.020 49.992 49.969 49.957 49.950 49.946 49.948 49.952 49.959 49.968 49.972 49.976 49.979 49.984 49.986 49.989 49.990 49.990 49.990 49.990 49.991 49.993
53.307 53.258 53.212 53.168 53.123 53.080 53.035 52.988 52.938 52.884 52.825 52.762 52.693 52.621 52.543 52.463 52.380 52.295 52.210 52.124 52.038 51.951 51.864 51.777 51.688 51.600 51.513 51.425 51.339 51.253 51.171 51.090 51.012 50.937 50.864 50.795 50.728 50.664 50.601 50.540 50.482 50.424 50.369 50.316 50.264 50.215 50.169 50.125 50.085 50.048 50.013 49.985 49.968 49.955 49.948 49.944 49.943 49.947 49.953 49.954 49.954 49.956 49.957 49.959 49.962 49.963 49.963 49.963 49.964 49.967 49.972
53.318 53.273 53.229 53.186 53.144 53.101 53.057 53.011 52.961 52.907 52.850 52.788 52.721 52.651 52.577 52.500 52.419 52.338 52.256 52.173 52.090 52.005 51.922 51.837 51.752 51.666 51.582 51.498 51.413 51.330 51.249 51.168 51.089 51.014 50.939 50.868 50.797 50.730 50.664 50.600 50.539 50.480 50.422 50.367 50.315 50.264 50.214 50.167 50.123 50.080 50.041 50.006 49.984 49.967 49.953 49.945 49.939 49.938 49.941 49.938 49.935 49.933 49.934 49.935 49.936 49.937 49.938 49.939 49.942 49.945 49.952
53.316 53.274 53.235 53.194 53.154 53.112 53.070 53.023 52.974 52.921 52.865 52.804 52.739 52.671 52.600 52.527 52.450 52.373 52.294 52.215 52.136 52.056 51.977 51.895 51.814 51.734 51.652 51.571 51.490 51.409 51.329 51.249 51.170 51.092 51.016 50.941 50.868 50.797 50.728 50.661 50.598 50.537 50.478 50.422 50.368 50.315 50.264 50.215 50.167 50.121 50.077 50.037 50.009 49.985 49.965 49.949 49.938 49.932 49.929 49.921 49.915 49.912 49.910 49.910 49.910 49.913 49.913 49.915 49.918 49.924 49.932
53.306 53.269 53.233 53.196 53.157 53.117 53.074 53.028 52.980 52.927 52.872 52.812 52.750 52.684 52.616 52.546 52.473 52.400 52.326 52.251 52.176 52.101 52.027 51.951 51.874 51.798 51.721 51.644 51.567 51.488 51.410 51.331 51.251 51.172 51.094 51.017 50.940 50.866 50.795 50.725 50.659 50.597 50.536 50.479 50.425 50.371 50.319 50.268 50.218 50.168 50.121 50.076 50.042 50.011 49.983 49.960 49.942 49.929 49.921 49.908 49.898 49.892 49.888 49.886 49.886 49.888 49.888 49.890 49.893 49.899 49.907
53.290 53.256 53.223 53.189 53.152 53.114 53.072 53.027 52.979 52.927 52.873 52.816 52.754 52.692 52.627 52.561 52.492 52.421 52.352 52.282 52.213 52.143 52.073 52.003 51.931 51.860 51.789 51.716 51.642 51.567 51.490 51.413 51.334 51.254 51.173 51.094 51.015 50.938 50.864 50.792 50.723 50.659 50.598 50.539 50.484 50.430 50.377 50.325 50.272 50.221 50.169 50.121 50.080 50.043 50.009 49.979 49.954 49.935 49.922 49.903 49.890 49.881 49.874 49.871 49.870 49.871 49.871 49.871 49.874 49.880 49.888
53.267 53.237 53.207 53.175 53.141 53.103 53.063 53.020 52.973 52.924 52.871 52.815 52.757 52.697 52.636 52.572 52.507 52.442 52.376 52.310 52.245 52.181 52.117 52.051 51.986 51.919 51.853 51.785 51.716 51.644 51.570 51.494 51.417 51.337 51.256 51.174 51.093 51.013 50.936 50.862 50.791 50.725 50.663 50.603 50.546 50.491 50.437 50.384 50.329 50.276 50.222 50.169 50.124 50.082 50.042 50.006 49.975 49.950 49.931 49.910 49.892 49.879 49.871 49.865 49.863 49.862 49.860 49.859 49.861 49.865 49.873
53.238 53.211 53.183 53.154 53.122 53.087 53.050 53.007 52.964 52.917 52.867 52.815 52.759 52.702 52.644 52.585 52.522 52.460 52.399 52.338 52.277 52.217 52.157 52.098 52.037 51.977 51.916 51.853 51.789 51.721 51.651 51.577 51.500 51.421 51.340 51.258 51.175 51.094 51.014 50.938 50.865 50.796 50.731 50.669 50.611 50.554 50.499 50.444 50.389 50.333 50.277 50.222 50.173 50.125 50.081 50.039 50.004 49.974 49.949 49.923 49.902 49.887 49.875 49.868 49.862 49.860 49.857 49.853 49.852 49.855 49.861
53.204 53.179 53.154 53.126 53.097 53.065 53.030 52.992 52.951 52.907 52.862 52.812 52.762 52.709 52.654 52.598 52.539 52.481 52.423 52.364 52.308 52.252 52.196 52.142 52.086 52.031 51.976 51.919 51.861 51.798 51.732 51.662 51.588 51.510 51.430 51.347 51.264 51.181 51.099 51.020 50.944 50.872 50.805 50.740 50.679 50.620 50.563 50.506 50.448 50.391 50.333 50.276 50.223 50.171 50.123 50.078 50.038 50.002 49.973 49.944 49.919 49.901 49.886 49.875 49.868 49.863 49.857 49.851 49.848 49.849 49.852
53.167 53.143 53.118 53.093 53.066 53.037 53.005 52.971 52.935 52.896 52.854 52.810 52.764 52.715 52.665 52.613 52.557 52.502 52.446 52.392 52.338 52.286 52.235 52.185 52.135 52.085 52.036 51.985 51.932 51.875 51.815 51.750 51.679 51.604 51.526 51.444 51.360 51.275 51.192 51.110 51.031 50.955 50.884 50.815 50.750 50.688 50.628 50.568 50.508 50.448 50.388 50.328 50.273 50.219 50.167 50.118 50.075 50.036 50.003 49.969 49.942 49.919 49.901 49.888 49.877 49.870 49.861 49.853 49.849 49.848 49.849
