libCppOSGeo4W_3_28_9/geoids_lastools/EGM08_REDNAP_Canarias.asc
NCOLS 331
NROWS 121
XLLCENTER -18.5
YLLCENTER 27.5
CELLSIZE 0.01666666
NODATA_VALUE -999
[rows 0 to 31 of 121, columns 142 to 212 of 331]
37.258 37.260 37.262 37.263 37.263 37.264 37.264 37.265 37.266 37.268 37.271 37.273 37.276 37.278 37.279 37.280 37.279 37.279 37.279 37.279 37.280 37.282 37.285 37.287 37.290 37.290 37.291 37.290 37.288 37.285 37.282 37.279 37.276 37.275 37.274 37.276 37.279 37.282 37.285 37.288 37.290 37.290 37.290 37.290 37.289 37.290 37.293 37.297 37.304 37.313 37.324 37.335 37.348 37.358 37.369 37.380 37.389 37.398 37.407 37.417 37.428 37.441 37.456 37.472 37.492 37.513 37.536 37.559 37.584 37.609 37.634
37.214 37.215 37.215 37.215 37.214 37.212 37.211 37.211 37.212 37.214 37.216 37.218 37.219 37.221 37.222 37.222 37.222 37.221 37.220 37.220 37.220 37.221 37.223 37.226 37.228 37.230 37.232 37.231 37.229 37.227 37.224 37.221 37.218 37.217 37.217 37.219 37.220 37.224 37.227 37.231 37.234 37.235 37.236 37.237 37.238 37.238 37.241 37.246 37.252 37.260 37.270 37.280 37.291 37.301 37.311 37.321 37.330 37.339 37.348 37.358 37.369 37.383 37.397 37.414 37.434 37.455 37.477 37.501 37.525 37.549 37.574
37.173 37.173 37.172 37.169 37.167 37.165 37.163 37.162 37.162 37.162 37.163 37.165 37.166 37.168 37.169 37.169 37.167 37.166 37.164 37.163 37.163 37.164 37.165 37.167 37.168 37.171 37.172 37.172 37.172 37.170 37.166 37.164 37.162 37.160 37.160 37.162 37.165 37.168 37.171 37.175 37.179 37.182 37.184 37.186 37.188 37.190 37.192 37.196 37.202 37.210 37.218 37.227 37.237 37.246 37.255 37.265 37.274 37.283 37.292 37.303 37.314 37.327 37.342 37.360 37.379 37.399 37.421 37.443 37.466 37.490 37.514
37.135 37.133 37.131 37.128 37.124 37.121 37.117 37.114 37.113 37.113 37.114 37.115 37.116 37.117 37.118 37.117 37.116 37.114 37.111 37.109 37.107 37.107 37.107 37.108 37.110 37.111 37.113 37.113 37.113 37.112 37.110 37.107 37.105 37.104 37.105 37.106 37.109 37.113 37.116 37.121 37.125 37.129 37.132 37.135 37.138 37.140 37.144 37.148 37.154 37.161 37.168 37.176 37.185 37.194 37.203 37.212 37.221 37.230 37.239 37.250 37.262 37.276 37.292 37.308 37.327 37.346 37.366 37.388 37.410 37.433 37.456
37.101 37.098 37.094 37.089 37.084 37.079 37.075 37.071 37.069 37.067 37.067 37.068 37.069 37.070 37.069 37.068 37.066 37.064 37.060 37.057 37.054 37.052 37.051 37.051 37.052 37.053 37.053 37.054 37.054 37.054 37.052 37.050 37.049 37.048 37.049 37.051 37.054 37.058 37.062 37.067 37.072 37.076 37.081 37.085 37.087 37.091 37.095 37.100 37.106 37.111 37.119 37.126 37.135 37.143 37.152 37.161 37.170 37.180 37.190 37.202 37.215 37.229 37.245 37.260 37.278 37.297 37.316 37.336 37.356 37.377 37.399
37.072 37.066 37.061 37.055 37.049 37.042 37.035 37.031 37.027 37.024 37.023 37.022 37.023 37.023 37.023 37.021 37.018 37.015 37.011 37.007 37.003 36.998 36.996 36.995 36.995 36.995 36.996 36.995 36.996 36.995 36.995 36.994 36.993 36.993 36.994 36.996 36.999 37.003 37.008 37.013 37.019 37.024 37.029 37.033 37.037 37.042 37.047 37.052 37.057 37.063 37.070 37.078 37.086 37.094 37.102 37.112 37.122 37.133 37.145 37.157 37.170 37.185 37.200 37.217 37.234 37.251 37.269 37.287 37.307 37.327 37.348
37.045 37.040 37.033 37.026 37.017 37.009 37.001 36.994 36.988 36.984 36.982 36.980 36.980 36.978 36.977 36.975 36.972 36.969 36.963 36.958 36.953 36.948 36.945 36.941 36.939 36.939 36.939 36.938 36.938 36.938 36.938 36.938 36.937 36.938 36.940 36.942 36.946 36.950 36.955 36.961 36.966 36.972 36.978 36.982 36.987 36.992 36.997 37.002 37.008 37.014 37.021 37.029 37.037 37.045 37.055 37.065 37.076 37.088 37.100 37.114 37.128 37.143 37.159 37.175 37.191 37.208 37.225 37.243 37.260 37.279 37.299
37.024 37.016 37.008 36.999 36.990 36.980 36.970 36.961 36.954 36.948 36.942 36.939 36.937 36.936 36.933 36.931 36.927 36.923 36.917 36.911 36.905 36.899 36.895 36.891 36.887 36.885 36.884 36.883 36.882 36.882 36.882 36.883 36.883 36.884 36.887 36.890 36.894 36.898 36.904 36.909 36.915 36.921 36.926 36.931 36.936 36.942 36.947 36.952 36.958 36.965 36.973 36.980 36.989 36.998 37.009 37.020 37.031 37.044 37.058 37.072 37.088 37.103 37.119 37.135 37.151 37.168 37.184 37.201 37.218 37.236 37.255
37.005 36.997 36.988 36.978 36.967 36.954 36.943 36.932 36.923 36.914 36.907 36.902 36.898 36.895 36.892 36.889 36.885 36.879 36.873 36.867 36.861 36.854 36.848 36.843 36.839 36.836 36.833 36.832 36.831 36.830 36.830 36.831 36.832 36.834 36.836 36.840 36.845 36.850 36.854 36.860 36.865 36.871 36.877 36.881 36.886 36.892 36.898 36.903 36.909 36.917 36.925 36.934 36.942 36.952 36.964 36.976 36.988 37.001 37.016 37.031 37.047 37.063 37.079 37.096 37.112 37.128 37.144 37.161 37.178 37.196 37.214
36.990 36.982 36.971 36.960 36.947 36.933 36.920 36.907 36.894 36.884 36.875 36.867 36.862 36.857 36.853 36.848 36.844 36.838 36.833 36.826 36.819 36.813 36.807 36.801 36.795 36.791 36.788 36.785 36.784 36.783 36.783 36.782 36.784 36.787 36.790 36.793 36.798 36.803 36.808 36.813 36.818 36.823 36.828 36.833 36.837 36.843 36.849 36.855 36.861 36.869 36.878 36.888 36.897 36.908 36.920 36.932 36.946 36.959 36.975 36.990 37.007 37.022 37.039 37.056 37.073 37.089 37.106 37.123 37.140 37.157 37.176
36.978 36.969 36.958 36.944 36.931 36.916 36.901 36.885 36.871 36.858 36.846 36.837 36.829 36.823 36.817 36.812 36.807 36.801 36.795 36.789 36.782 36.776 36.769 36.763 36.757 36.753 36.748 36.745 36.742 36.740 36.739 36.739 36.741 36.742 36.746 36.750 36.755 36.758 36.763 36.768 36.773 36.777 36.781 36.786 36.791 36.795 36.801 36.808 36.816 36.824 36.833 36.843 36.854 36.865 36.878 36.891 36.905 36.918 36.933 36.949 36.965 36.982 36.998 37.016 37.033 37.050 37.067 37.085 37.103 37.121 37.140
36.968 36.958 36.946 36.932 36.917 36.901 36.884 36.867 36.851 36.836 36.822 36.811 36.801 36.792 36.786 36.780 36.773 36.767 36.762 36.756 36.749 36.743 36.736 36.730 36.723 36.718 36.713 36.708 36.704 36.702 36.701 36.700 36.701 36.703 36.706 36.709 36.713 36.717 36.721 36.725 36.729 36.733 36.737 36.740 36.745 36.751 36.756 36.763 36.772 36.781 36.790 36.801 36.813 36.825 36.837 36.850 36.864 36.879 36.892 36.908 36.924 36.941 36.957 36.974 36.993 37.010 37.028 37.047 37.066 37.084 37.104
36.959 36.948 36.935 36.921 36.906 36.889 36.870 36.852 36.834 36.817 36.802 36.789 36.777 36.767 36.759 36.751 36.744 36.738 36.733 36.726 36.720 36.714 36.707 36.701 36.695 36.688 36.682 36.676 36.672 36.668 36.665 36.664 36.664 36.665 36.668 36.671 36.674 36.677 36.681 36.685 36.687 36.690 36.694 36.698 36.701 36.707 36.714 36.720 36.730 36.740 36.750 36.762 36.774 36.787 36.799 36.812 36.825 36.839 36.852 36.867 36.883 36.899 36.916 36.933 36.952 36.970 36.989 37.009 37.028 37.048 37.069
36.951 36.940 36.926 36.912 36.895 36.877 36.858 36.839 36.819 36.802 36.785 36.770 36.757 36.746 36.736 36.727 36.720 36.713 36.706 36.700 36.695 36.688 36.682 36.675 36.668 36.661 36.654 36.648 36.641 36.637 36.634 36.631 36.630 36.631 36.632 36.634 36.637 36.640 36.642 36.645 36.647 36.650 36.652 36.656 36.660 36.665 36.672 36.680 36.689 36.700 36.712 36.724 36.736 36.749 36.762 36.775 36.788 36.801 36.815 36.828 36.843 36.859 36.876 36.893 36.912 36.932 36.951 36.972 36.993 37.012 37.034
36.946 36.933 36.920 36.905 36.887 36.868 36.849 36.828 36.809 36.790 36.771 36.755 36.741 36.728 36.717 36.708 36.699 36.691 36.685 36.678 36.672 36.665 36.658 36.651 36.644 36.637 36.628 36.621 36.615 36.608 36.604 36.601 36.598 36.598 36.599 36.599 36.601 36.603 36.605 36.606 36.608 36.610 36.612 36.616 36.620 36.625 36.632 36.641 36.651 36.662 36.674 36.687 36.700 36.713 36.726 36.739 36.752 36.765 36.778 36.791 36.806 36.822 36.838 36.856 36.875 36.894 36.915 36.936 36.957 36.978 37.000
36.942 36.929 36.914 36.898 36.880 36.860 36.840 36.819 36.798 36.779 36.760 36.743 36.727 36.714 36.701 36.690 36.681 36.672 36.665 36.658 36.650 36.644 36.637 36.629 36.621 36.613 36.604 36.596 36.588 36.581 36.575 36.571 36.568 36.567 36.566 36.567 36.567 36.568 36.569 36.569 36.570 36.572 36.574 36.577 36.581 36.588 36.594 36.603 36.614 36.624 36.637 36.650 36.663 36.677 36.691 36.703 36.717 36.730 36.743 36.756 36.771 36.787 36.803 36.821 36.841 36.860 36.881 36.903 36.923 36.945 36.967
36.942 36.927 36.911 36.893 36.873 36.853 36.832 36.810 36.790 36.770 36.750 36.732 36.715 36.701 36.687 36.675 36.665 36.655 36.646 36.638 36.631 36.623 36.615 36.607 36.598 36.589 36.580 36.571 36.562 36.555 36.548 36.543 36.540 36.537 36.535 36.535 36.533 36.533 36.534 36.533 36.534 36.535 36.537 36.540 36.544 36.550 36.557 36.566 36.576 36.587 36.600 36.613 36.626 36.640 36.654 36.667 36.681 36.695 36.708 36.723 36.738 36.753 36.770 36.789 36.807 36.828 36.849 36.870 36.891 36.913 36.933
36.944 36.928 36.909 36.890 36.869 36.847 36.825 36.804 36.781 36.761 36.741 36.722 36.705 36.689 36.674 36.662 36.649 36.639 36.630 36.620 36.612 36.603 36.594 36.585 36.576 36.566 36.556 36.547 36.537 36.530 36.522 36.517 36.512 36.508 36.506 36.504 36.503 36.501 36.500 36.500 36.499 36.500 36.502 36.504 36.509 36.515 36.521 36.530 36.540 36.550 36.562 36.575 36.588 36.603 36.617 36.631 36.646 36.661 36.675 36.690 36.706 36.722 36.740 36.758 36.777 36.797 36.819 36.839 36.861 36.881 36.902
36.950 36.931 36.911 36.890 36.867 36.844 36.821 36.798 36.776 36.753 36.733 36.714 36.695 36.679 36.664 36.649 36.636 36.624 36.613 36.604 36.594 36.584 36.575 36.565 36.555 36.545 36.534 36.524 36.514 36.506 36.499 36.492 36.487 36.483 36.479 36.476 36.473 36.470 36.469 36.468 36.466 36.467 36.469 36.471 36.476 36.481 36.487 36.495 36.505 36.514 36.525 36.538 36.550 36.565 36.580 36.594 36.610 36.626 36.642 36.658 36.675 36.692 36.710 36.728 36.748 36.768 36.788 36.809 36.831 36.851 36.872
36.960 36.938 36.916 36.893 36.868 36.844 36.820 36.795 36.772 36.749 36.728 36.708 36.688 36.671 36.653 36.638 36.625 36.611 36.600 36.589 36.578 36.568 36.558 36.547 36.536 36.526 36.514 36.504 36.494 36.486 36.478 36.471 36.465 36.460 36.455 36.451 36.448 36.443 36.441 36.439 36.438 36.438 36.440 36.442 36.446 36.452 36.457 36.464 36.471 36.480 36.491 36.501 36.514 36.528 36.542 36.558 36.575 36.592 36.610 36.628 36.645 36.663 36.682 36.700 36.720 36.740 36.760 36.781 36.801 36.823 36.843
36.974 36.951 36.926 36.901 36.875 36.848 36.823 36.797 36.773 36.749 36.726 36.705 36.684 36.665 36.647 36.630 36.615 36.602 36.589 36.577 36.565 36.554 36.543 36.532 36.520 36.509 36.497 36.487 36.476 36.468 36.460 36.452 36.446 36.440 36.434 36.429 36.425 36.419 36.416 36.414 36.412 36.412 36.413 36.416 36.420 36.424 36.430 36.436 36.442 36.450 36.458 36.468 36.480 36.493 36.507 36.524 36.542 36.559 36.578 36.596 36.615 36.635 36.653 36.672 36.692 36.711 36.732 36.752 36.773 36.795 36.816
36.991 36.966 36.940 36.912 36.885 36.857 36.830 36.804 36.777 36.753 36.728 36.705 36.684 36.662 36.644 36.625 36.609 36.595 36.580 36.568 36.556 36.544 36.532 36.519 36.508 36.496 36.483 36.473 36.462 36.453 36.444 36.436 36.429 36.423 36.416 36.410 36.404 36.398 36.393 36.390 36.388 36.388 36.389 36.392 36.396 36.400 36.405 36.410 36.415 36.422 36.429 36.437 36.448 36.460 36.475 36.492 36.509 36.528 36.548 36.566 36.586 36.606 36.624 36.644 36.663 36.683 36.703 36.724 36.746 36.767 36.790
37.013 36.985 36.958 36.928 36.900 36.872 36.843 36.815 36.788 36.761 36.736 36.711 36.687 36.664 36.644 36.625 36.607 36.591 36.575 36.562 36.550 36.536 36.524 36.510 36.498 36.486 36.472 36.461 36.450 36.440 36.431 36.422 36.415 36.407 36.399 36.392 36.384 36.378 36.373 36.368 36.367 36.367 36.367 36.371 36.375 36.378 36.383 36.388 36.392 36.397 36.403 36.411 36.421 36.432 36.446 36.463 36.480 36.499 36.517 36.537 36.557 36.576 36.595 36.614 36.634 36.654 36.674 36.696 36.717 36.740 36.764
37.038 37.009 36.980 36.951 36.920 36.891 36.861 36.832 36.804 36.776 36.749 36.722 36.696 36.672 36.649 36.628 36.608 36.591 36.575 36.560 36.546 36.532 36.519 36.506 36.491 36.478 36.464 36.452 36.440 36.429 36.419 36.410 36.401 36.393 36.384 36.376 36.367 36.360 36.354 36.349 36.347 36.347 36.347 36.350 36.355 36.358 36.363 36.366 36.371 36.375 36.380 36.387 36.397 36.407 36.421 36.436 36.454 36.472 36.490 36.510 36.528 36.547 36.566 36.585 36.605 36.625 36.646 36.669 36.692 36.716 36.740
37.067 37.037 37.006 36.976 36.946 36.915 36.885 36.854 36.825 36.796 36.767 36.739 36.710 36.684 36.660 36.636 36.615 36.595 36.578 36.563 36.547 36.532 36.517 36.502 36.488 36.472 36.458 36.444 36.431 36.419 36.409 36.399 36.389 36.380 36.370 36.360 36.352 36.343 36.336 36.332 36.328 36.327 36.329 36.331 36.335 36.340 36.343 36.348 36.351 36.356 36.361 36.367 36.376 36.386 36.400 36.415 36.431 36.448 36.467 36.484 36.502 36.520 36.539 36.557 36.577 36.599 36.620 36.644 36.668 36.694 36.720
37.101 37.070 37.038 37.007 36.976 36.944 36.913 36.882 36.852 36.820 36.790 36.761 36.731 36.702 36.675 36.650 36.627 36.605 36.586 36.567 36.551 36.535 36.518 36.502 36.485 36.469 36.454 36.438 36.425 36.411 36.400 36.388 36.378 36.368 36.357 36.347 36.338 36.328 36.321 36.314 36.311 36.310 36.310 36.313 36.317 36.320 36.325 36.328 36.333 36.338 36.343 36.350 36.359 36.369 36.382 36.396 36.412 36.428 36.444 36.461 36.478 36.495 36.513 36.531 36.552 36.573 36.597 36.621 36.648 36.675 36.703
37.140 37.108 37.074 37.041 37.008 36.976 36.945 36.913 36.882 36.849 36.818 36.786 36.755 36.725 36.695 36.667 36.641 36.618 36.597 36.576 36.558 36.539 36.522 36.504 36.485 36.468 36.450 36.434 36.418 36.404 36.391 36.379 36.368 36.356 36.345 36.335 36.324 36.315 36.307 36.300 36.296 36.293 36.293 36.295 36.297 36.301 36.305 36.309 36.314 36.319 36.325 36.334 36.342 36.354 36.366 36.380 36.395 36.409 36.425 36.439 36.455 36.472 36.489 36.508 36.528 36.552 36.576 36.603 36.630 36.660 36.689
37.185 37.150 37.114 37.080 37.045 37.012 36.978 36.946 36.914 36.881 36.849 36.815 36.783 36.750 36.719 36.689 36.660 36.635 36.610 36.588 36.568 36.547 36.527 36.507 36.488 36.469 36.449 36.431 36.414 36.399 36.384 36.371 36.359 36.347 36.335 36.324 36.313 36.304 36.294 36.287 36.282 36.278 36.277 36.277 36.279 36.282 36.285 36.290 36.295 36.300 36.308 36.316 36.327 36.339 36.351 36.365 36.378 36.392 36.407 36.420 36.435 36.450 36.467 36.486 36.508 36.531 36.558 36.586 36.616 36.648 36.678
37.235 37.196 37.158 37.121 37.084 37.050 37.015 36.982 36.948 36.915 36.882 36.848 36.814 36.779 36.746 36.714 36.683 36.655 36.628 36.603 36.579 36.557 36.536 36.514 36.493 36.471 36.451 36.431 36.412 36.396 36.379 36.366 36.352 36.340 36.328 36.316 36.306 36.295 36.286 36.278 36.271 36.266 36.264 36.262 36.262 36.263 36.266 36.270 36.275 36.281 36.289 36.299 36.311 36.323 36.336 36.349 36.363 36.377 36.389 36.402 36.415 36.430 36.447 36.467 36.489 36.515 36.543 36.573 36.605 36.637 36.670
37.290 37.248 37.207 37.166 37.127 37.090 37.054 37.020 36.985 36.951 36.917 36.882 36.848 36.812 36.777 36.742 36.709 36.679 36.649 36.622 36.595 36.571 36.547 36.523 36.501 36.477 36.455 36.433 36.414 36.395 36.378 36.364 36.349 36.336 36.324 36.312 36.302 36.290 36.281 36.271 36.264 36.258 36.252 36.249 36.248 36.247 36.248 36.251 36.256 36.263 36.271 36.282 36.294 36.308 36.322 36.335 36.349 36.361 36.373 36.385 36.398 36.413 36.430 36.451 36.474 36.501 36.530 36.563 36.595 36.629 36.662
37.352 37.306 37.261 37.218 37.175 37.135 37.096 37.061 37.026 36.990 36.956 36.920 36.884 36.847 36.811 36.775 36.739 36.706 36.674 36.644 36.616 36.589 36.563 36.537 36.512 36.487 36.464 36.442 36.420 36.400 36.381 36.365 36.351 36.337 36.325 36.312 36.301 36.291 36.280 36.271 36.261 36.254 36.247 36.241 36.237 36.234 36.234 36.236 36.239 36.246 36.256 36.266 36.280 36.294 36.308 36.322 36.336 36.348 36.359 36.371 36.383 36.398 36.415 36.437 36.461 36.489 36.520 36.553 36.587 36.622 36.655
37.421 37.372 37.322 37.275 37.228 37.185 37.145 37.106 37.070 37.033 36.998 36.962 36.925 36.888 36.849 36.811 36.774 36.738 36.704 36.671 36.640 36.610 36.582 36.556 36.528 36.503 36.477 36.453 36.430 36.409 36.389 36.371 36.356 36.341 36.328 36.317 36.305 36.294 36.283 36.273 36.264 36.254 36.246 36.238 36.231 36.227 36.223 36.224 36.227 36.232 36.242 36.253 36.267 36.282 36.296 36.311 36.324 36.336 36.347 36.359 36.371 36.386 36.403 36.425 36.450 36.480 36.511 36.546 36.580 36.615 36.649
