libCppOSGeo4W_3_28_9/geoids_lastools/EGM08_REDNAP_Canarias.asc
NCOLS 331
NROWS 121
XLLCENTER -18.5
YLLCENTER 27.5
CELLSIZE 0.01666666
NODATA_VALUE -999
[rows 0 to 31 of 121, columns 213 to 283 of 331]
37.659 37.685 37.710 37.734 37.760 37.785 37.811 37.836 37.862 37.888 37.915 37.942 37.969 37.997 38.026 38.056 38.086 38.116 38.148 38.179 38.212 38.245 38.279 38.314 38.350 38.386 38.423 38.461 38.499 38.536 38.575 38.613 38.652 38.691 38.731 38.773 38.816 38.861 38.907 38.955 39.004 39.053 39.104 39.154 39.206 39.260 39.314 39.372 39.432 39.496 39.562 39.633 39.707 39.784 39.866 39.950 40.037 40.128 40.225 40.326 40.432 40.543 40.660 40.782 40.907 41.036 41.166 41.299 41.432 41.568 41.704
37.598 37.623 37.648 37.673 37.699 37.724 37.750 37.776 37.803 37.830 37.858 37.887 37.916 37.945 37.975 38.005 38.036 38.067 38.099 38.132 38.165 38.199 38.234 38.270 38.307 38.345 38.383 38.422 38.461 38.500 38.539 38.578 38.617 38.657 38.698 38.740 38.785 38.830 38.878 38.928 38.978 39.029 39.081 39.133 39.186 39.242 39.298 39.358 39.421 39.487 39.558 39.632 39.710 39.792 39.877 39.965 40.057 40.152 40.253 40.358 40.468 40.584 40.705 40.830 40.960 41.091 41.224 41.358 41.494 41.630 41.768
37.538 37.562 37.587 37.612 37.638 37.664 37.690 37.718 37.746 37.773 37.803 37.833 37.863 37.895 37.926 37.958 37.990 38.022 38.054 38.088 38.121 38.156 38.192 38.229 38.267 38.307 38.346 38.386 38.426 38.465 38.505 38.544 38.584 38.625 38.667 38.709 38.755 38.802 38.851 38.902 38.954 39.006 39.060 39.114 39.170 39.226 39.286 39.348 39.414 39.484 39.557 39.635 39.718 39.803 39.891 39.984 40.079 40.179 40.284 40.393 40.508 40.628 40.753 40.880 41.012 41.147 41.282 41.419 41.556 41.694 41.834
37.479 37.503 37.527 37.552 37.577 37.604 37.632 37.660 37.689 37.719 37.751 37.782 37.815 37.846 37.879 37.912 37.945 37.978 38.012 38.045 38.080 38.115 38.152 38.190 38.229 38.269 38.310 38.351 38.392 38.431 38.472 38.512 38.552 38.594 38.636 38.680 38.727 38.776 38.825 38.878 38.932 38.986 39.042 39.098 39.156 39.216 39.277 39.343 39.411 39.484 39.561 39.642 39.727 39.815 39.908 40.003 40.103 40.207 40.315 40.429 40.546 40.670 40.799 40.931 41.066 41.203 41.341 41.479 41.618 41.757 41.899
37.422 37.445 37.469 37.495 37.521 37.548 37.575 37.605 37.636 37.668 37.700 37.734 37.768 37.802 37.836 37.870 37.903 37.937 37.971 38.006 38.041 38.077 38.115 38.154 38.194 38.235 38.276 38.318 38.359 38.401 38.441 38.481 38.523 38.565 38.608 38.653 38.701 38.751 38.803 38.858 38.913 38.971 39.028 39.086 39.147 39.209 39.274 39.342 39.413 39.488 39.568 39.652 39.740 39.831 39.927 40.025 40.128 40.235 40.347 40.464 40.586 40.713 40.845 40.981 41.118 41.258 41.397 41.538 41.680 41.821 41.966
37.369 37.391 37.415 37.440 37.467 37.495 37.524 37.555 37.587 37.620 37.653 37.688 37.723 37.759 37.794 37.829 37.864 37.899 37.934 37.970 38.005 38.042 38.080 38.120 38.160 38.202 38.244 38.287 38.329 38.371 38.412 38.454 38.496 38.539 38.583 38.630 38.679 38.730 38.785 38.840 38.899 38.958 39.018 39.079 39.142 39.206 39.274 39.345 39.419 39.497 39.579 39.665 39.755 39.849 39.947 40.048 40.154 40.265 40.379 40.500 40.625 40.756 40.891 41.029 41.170 41.312 41.455 41.599 41.742 41.888 42.035
37.320 37.342 37.366 37.391 37.417 37.445 37.475 37.507 37.540 37.575 37.610 37.646 37.681 37.718 37.754 37.791 37.827 37.862 37.898 37.934 37.971 38.009 38.048 38.088 38.130 38.172 38.215 38.258 38.301 38.344 38.386 38.429 38.472 38.516 38.561 38.610 38.660 38.714 38.770 38.828 38.888 38.949 39.012 39.076 39.142 39.209 39.279 39.351 39.428 39.508 39.592 39.680 39.773 39.870 39.969 40.074 40.182 40.296 40.414 40.538 40.666 40.799 40.937 41.079 41.222 41.366 41.513 41.659 41.806 41.955 42.106
37.275 37.297 37.320 37.345 37.372 37.401 37.432 37.463 37.497 37.532 37.569 37.606 37.643 37.680 37.716 37.753 37.790 37.827 37.864 37.901 37.939 37.978 38.018 38.060 38.102 38.145 38.189 38.233 38.277 38.321 38.363 38.407 38.451 38.497 38.543 38.593 38.645 38.700 38.758 38.818 38.880 38.944 39.009 39.076 39.144 39.213 39.286 39.361 39.440 39.523 39.608 39.699 39.794 39.892 39.995 40.102 40.213 40.330 40.451 40.577 40.708 40.844 40.986 41.130 41.276 41.424 41.573 41.722 41.874 42.027 42.183
37.234 37.256 37.279 37.304 37.332 37.360 37.391 37.424 37.458 37.494 37.531 37.568 37.605 37.643 37.681 37.718 37.756 37.793 37.831 37.869 37.908 37.948 37.990 38.033 38.076 38.121 38.166 38.211 38.255 38.300 38.345 38.389 38.434 38.481 38.529 38.580 38.633 38.690 38.749 38.812 38.876 38.941 39.008 39.078 39.149 39.221 39.296 39.374 39.454 39.539 39.627 39.720 39.818 39.918 40.023 40.133 40.248 40.367 40.491 40.621 40.755 40.895 41.038 41.185 41.334 41.485 41.638 41.792 41.948 42.105 42.266
37.196 37.218 37.241 37.267 37.293 37.322 37.353 37.386 37.421 37.457 37.493 37.531 37.569 37.607 37.645 37.684 37.721 37.760 37.799 37.839 37.880 37.921 37.964 38.009 38.054 38.098 38.145 38.191 38.237 38.283 38.328 38.375 38.422 38.469 38.519 38.571 38.626 38.684 38.745 38.808 38.874 38.941 39.011 39.082 39.155 39.230 39.307 39.387 39.471 39.557 39.649 39.744 39.844 39.947 40.056 40.168 40.286 40.409 40.537 40.670 40.808 40.950 41.097 41.246 41.398 41.553 41.710 41.868 42.029 42.192 42.356
37.160 37.182 37.205 37.230 37.257 37.286 37.317 37.350 37.384 37.420 37.457 37.495 37.533 37.572 37.610 37.649 37.688 37.728 37.769 37.810 37.852 37.895 37.940 37.985 38.032 38.079 38.127 38.174 38.221 38.269 38.316 38.363 38.411 38.461 38.512 38.566 38.622 38.680 38.743 38.807 38.874 38.944 39.015 39.088 39.163 39.241 39.320 39.403 39.488 39.579 39.672 39.769 39.873 39.980 40.091 40.208 40.330 40.456 40.588 40.724 40.866 41.012 41.161 41.314 41.470 41.629 41.790 41.953 42.118 42.285 42.456
37.125 37.147 37.169 37.195 37.222 37.251 37.282 37.314 37.348 37.384 37.422 37.460 37.497 37.536 37.576 37.616 37.656 37.697 37.738 37.781 37.825 37.871 37.917 37.965 38.013 38.061 38.110 38.159 38.208 38.256 38.306 38.355 38.404 38.456 38.509 38.563 38.620 38.681 38.744 38.810 38.879 38.949 39.022 39.097 39.174 39.254 39.336 39.420 39.509 39.601 39.697 39.798 39.904 40.015 40.131 40.250 40.376 40.507 40.643 40.783 40.929 41.078 41.232 41.389 41.549 41.712 41.878 42.045 42.216 42.388 42.563
37.090 37.111 37.135 37.160 37.187 37.216 37.245 37.278 37.313 37.349 37.386 37.423 37.462 37.502 37.542 37.583 37.624 37.666 37.710 37.755 37.801 37.848 37.896 37.945 37.995 38.045 38.096 38.147 38.197 38.248 38.299 38.349 38.401 38.454 38.509 38.564 38.623 38.685 38.749 38.816 38.886 38.958 39.032 39.109 39.188 39.270 39.353 39.441 39.531 39.626 39.725 39.830 39.939 40.053 40.172 40.297 40.428 40.562 40.703 40.848 40.997 41.151 41.308 41.470 41.635 41.802 41.973 42.146 42.321 42.498 42.677
37.055 37.077 37.100 37.125 37.152 37.180 37.210 37.243 37.277 37.314 37.351 37.389 37.429 37.469 37.510 37.551 37.594 37.639 37.684 37.731 37.778 37.827 37.876 37.927 37.979 38.031 38.083 38.135 38.188 38.241 38.294 38.347 38.401 38.456 38.512 38.571 38.631 38.693 38.758 38.827 38.898 38.971 39.047 39.125 39.206 39.290 39.376 39.466 39.558 39.656 39.757 39.864 39.977 40.095 40.218 40.347 40.481 40.621 40.766 40.916 41.069 41.228 41.390 41.556 41.725 41.899 42.075 42.253 42.433 42.614 42.797
37.021 37.043 37.066 37.091 37.117 37.145 37.176 37.209 37.244 37.279 37.317 37.357 37.397 37.438 37.480 37.524 37.568 37.614 37.660 37.709 37.758 37.809 37.861 37.913 37.965 38.019 38.073 38.128 38.183 38.238 38.293 38.349 38.406 38.463 38.522 38.581 38.643 38.707 38.774 38.843 38.916 38.990 39.068 39.147 39.230 39.316 39.404 39.496 39.591 39.691 39.795 39.905 40.021 40.142 40.269 40.402 40.540 40.684 40.833 40.988 41.146 41.308 41.476 41.647 41.822 42.001 42.182 42.366 42.551 42.737 42.922
36.987 37.010 37.033 37.057 37.083 37.112 37.143 37.175 37.210 37.247 37.286 37.327 37.367 37.410 37.454 37.499 37.544 37.592 37.641 37.691 37.742 37.793 37.846 37.900 37.955 38.010 38.065 38.122 38.180 38.238 38.295 38.355 38.413 38.474 38.535 38.596 38.661 38.727 38.795 38.865 38.939 39.015 39.095 39.176 39.261 39.348 39.438 39.532 39.629 39.731 39.838 39.950 40.069 40.193 40.324 40.460 40.602 40.751 40.904 41.062 41.225 41.393 41.566 41.743 41.923 42.107 42.294 42.483 42.673 42.863 43.050
36.955 36.977 37.000 37.024 37.051 37.080 37.110 37.144 37.180 37.218 37.257 37.298 37.341 37.385 37.429 37.476 37.524 37.574 37.623 37.675 37.728 37.782 37.836 37.891 37.947 38.004 38.062 38.120 38.179 38.240 38.301 38.363 38.426 38.488 38.553 38.617 38.683 38.750 38.820 38.893 38.969 39.046 39.127 39.210 39.297 39.387 39.479 39.574 39.673 39.777 39.887 40.002 40.122 40.250 40.383 40.523 40.668 40.821 40.978 41.141 41.309 41.481 41.659 41.841 42.027 42.217 42.410 42.603 42.797 42.990 43.178
36.924 36.945 36.969 36.993 37.020 37.049 37.081 37.115 37.151 37.190 37.231 37.274 37.317 37.363 37.410 37.458 37.507 37.558 37.610 37.663 37.718 37.772 37.828 37.885 37.942 38.001 38.060 38.121 38.184 38.246 38.311 38.375 38.441 38.507 38.574 38.640 38.708 38.778 38.851 38.926 39.003 39.082 39.165 39.250 39.339 39.430 39.525 39.623 39.724 39.830 39.941 40.059 40.183 40.312 40.449 40.591 40.740 40.897 41.058 41.224 41.396 41.574 41.756 41.944 42.136 42.332 42.530 42.727 42.924 43.118 43.307
36.894 36.916 36.939 36.965 36.991 37.021 37.054 37.089 37.127 37.167 37.209 37.252 37.298 37.345 37.392 37.442 37.493 37.546 37.600 37.654 37.710 37.766 37.824 37.881 37.941 38.001 38.063 38.127 38.191 38.257 38.324 38.392 38.460 38.529 38.598 38.667 38.739 38.811 38.885 38.961 39.041 39.123 39.208 39.296 39.387 39.480 39.577 39.677 39.781 39.889 40.003 40.124 40.249 40.383 40.523 40.668 40.820 40.979 41.143 41.314 41.490 41.671 41.860 42.052 42.249 42.450 42.652 42.854 43.054 43.249 43.437
36.865 36.888 36.912 36.938 36.966 36.997 37.031 37.067 37.107 37.147 37.191 37.236 37.282 37.330 37.380 37.431 37.483 37.537 37.592 37.649 37.706 37.764 37.823 37.883 37.944 38.006 38.070 38.136 38.204 38.272 38.342 38.413 38.484 38.555 38.628 38.700 38.772 38.847 38.923 39.002 39.084 39.169 39.256 39.347 39.440 39.537 39.636 39.738 39.845 39.956 40.073 40.196 40.326 40.462 40.605 40.754 40.910 41.072 41.240 41.413 41.593 41.778 41.971 42.168 42.370 42.576 42.781 42.986 43.187 43.382 43.571
36.839 36.861 36.887 36.914 36.943 36.976 37.011 37.048 37.089 37.132 37.176 37.222 37.270 37.319 37.369 37.421 37.475 37.531 37.587 37.645 37.704 37.764 37.826 37.887 37.950 38.015 38.082 38.151 38.220 38.292 38.364 38.438 38.511 38.586 38.660 38.735 38.810 38.886 38.965 39.046 39.131 39.218 39.308 39.402 39.498 39.597 39.700 39.806 39.914 40.029 40.149 40.276 40.409 40.550 40.696 40.849 41.008 41.174 41.345 41.521 41.704 41.893 42.090 42.291 42.496 42.706 42.915 43.122 43.324 43.519 43.705
36.813 36.837 36.864 36.892 36.924 36.958 36.994 37.033 37.075 37.118 37.164 37.211 37.259 37.309 37.361 37.414 37.468 37.525 37.584 37.643 37.705 37.766 37.830 37.894 37.960 38.028 38.097 38.168 38.241 38.315 38.391 38.467 38.543 38.620 38.696 38.772 38.849 38.929 39.010 39.094 39.181 39.271 39.365 39.460 39.560 39.662 39.767 39.876 39.990 40.107 40.232 40.362 40.501 40.645 40.796 40.952 41.115 41.283 41.457 41.636 41.823 42.014 42.214 42.418 42.626 42.839 43.050 43.259 43.462 43.656 43.839
36.789 36.815 36.843 36.873 36.906 36.941 36.980 37.020 37.063 37.108 37.154 37.202 37.251 37.302 37.353 37.408 37.464 37.522 37.582 37.642 37.706 37.770 37.837 37.904 37.972 38.043 38.116 38.190 38.265 38.343 38.421 38.499 38.578 38.656 38.735 38.814 38.893 38.975 39.058 39.145 39.236 39.328 39.424 39.524 39.626 39.731 39.840 39.952 40.068 40.191 40.319 40.455 40.596 40.745 40.900 41.061 41.227 41.398 41.575 41.757 41.945 42.139 42.340 42.547 42.757 42.972 43.185 43.394 43.597 43.790 43.970
36.767 36.794 36.824 36.857 36.890 36.928 36.968 37.009 37.053 37.099 37.146 37.195 37.245 37.296 37.349 37.404 37.460 37.519 37.580 37.644 37.709 37.776 37.845 37.916 37.988 38.062 38.137 38.215 38.294 38.374 38.454 38.536 38.616 38.697 38.779 38.860 38.942 39.026 39.112 39.202 39.294 39.390 39.489 39.592 39.696 39.804 39.916 40.031 40.151 40.277 40.410 40.550 40.696 40.849 41.009 41.174 41.343 41.517 41.696 41.879 42.069 42.264 42.466 42.674 42.886 43.101 43.315 43.524 43.727 43.918 44.096
36.748 36.778 36.809 36.842 36.878 36.916 36.958 37.000 37.046 37.092 37.141 37.190 37.241 37.292 37.346 37.402 37.459 37.519 37.582 37.647 37.715 37.784 37.856 37.930 38.006 38.084 38.163 38.243 38.326 38.409 38.492 38.576 38.660 38.743 38.827 38.910 38.995 39.082 39.171 39.264 39.360 39.458 39.560 39.664 39.771 39.882 39.996 40.115 40.238 40.367 40.504 40.648 40.799 40.957 41.120 41.289 41.461 41.637 41.817 42.002 42.192 42.388 42.590 42.798 43.011 43.226 43.440 43.649 43.851 44.040 44.216
36.733 36.764 36.797 36.831 36.868 36.907 36.950 36.994 37.040 37.089 37.138 37.188 37.239 37.292 37.346 37.402 37.461 37.523 37.586 37.654 37.724 37.797 37.872 37.949 38.029 38.109 38.192 38.276 38.362 38.449 38.535 38.621 38.708 38.794 38.880 38.967 39.054 39.144 39.237 39.332 39.431 39.532 39.635 39.742 39.852 39.964 40.082 40.202 40.329 40.461 40.601 40.750 40.905 41.066 41.232 41.404 41.578 41.756 41.937 42.122 42.312 42.508 42.711 42.919 43.132 43.346 43.560 43.770 43.969 44.158 44.333
36.720 36.753 36.786 36.822 36.859 36.900 36.944 36.989 37.037 37.086 37.136 37.188 37.240 37.294 37.349 37.407 37.466 37.529 37.595 37.665 37.737 37.811 37.889 37.970 38.053 38.138 38.224 38.312 38.401 38.490 38.580 38.670 38.759 38.849 38.938 39.028 39.118 39.212 39.307 39.405 39.507 39.609 39.716 39.824 39.935 40.050 40.168 40.291 40.420 40.555 40.700 40.851 41.009 41.174 41.343 41.516 41.692 41.871 42.052 42.238 42.428 42.623 42.825 43.033 43.244 43.458 43.672 43.879 44.079 44.266 44.439
36.711 36.743 36.778 36.814 36.853 36.894 36.939 36.986 37.034 37.085 37.137 37.190 37.244 37.300 37.356 37.415 37.476 37.540 37.607 37.678 37.753 37.831 37.912 37.996 38.082 38.170 38.260 38.350 38.442 38.536 38.629 38.722 38.814 38.906 38.999 39.092 39.187 39.282 39.380 39.482 39.585 39.691 39.798 39.907 40.021 40.136 40.257 40.381 40.513 40.651 40.797 40.951 41.113 41.279 41.451 41.625 41.803 41.982 42.163 42.349 42.538 42.733 42.933 43.140 43.351 43.563 43.775 43.982 44.178 44.363 44.532
36.702 36.737 36.771 36.808 36.847 36.890 36.934 36.983 37.034 37.086 37.140 37.195 37.251 37.308 37.366 37.426 37.489 37.555 37.625 37.698 37.775 37.854 37.937 38.024 38.113 38.204 38.297 38.391 38.487 38.583 38.679 38.776 38.871 38.966 39.062 39.158 39.256 39.354 39.456 39.559 39.664 39.772 39.880 39.993 40.106 40.224 40.346 40.472 40.605 40.745 40.894 41.051 41.214 41.383 41.555 41.731 41.909 42.088 42.269 42.454 42.644 42.838 43.038 43.244 43.453 43.663 43.873 44.076 44.269 44.450 44.615
36.696 36.730 36.765 36.802 36.842 36.885 36.932 36.982 37.034 37.089 37.144 37.202 37.261 37.319 37.380 37.443 37.508 37.576 37.646 37.721 37.800 37.882 37.968 38.057 38.148 38.242 38.338 38.435 38.533 38.632 38.732 38.831 38.929 39.027 39.126 39.226 39.325 39.426 39.530 39.635 39.744 39.852 39.963 40.076 40.192 40.311 40.435 40.564 40.698 40.841 40.991 41.149 41.314 41.484 41.657 41.834 42.012 42.191 42.372 42.557 42.746 42.940 43.140 43.346 43.553 43.761 43.967 44.167 44.355 44.529 44.688
36.690 36.724 36.760 36.797 36.838 36.882 36.930 36.982 37.036 37.093 37.151 37.212 37.273 37.335 37.397 37.462 37.530 37.600 37.673 37.749 37.830 37.915 38.002 38.093 38.187 38.283 38.381 38.481 38.583 38.684 38.786 38.887 38.988 39.090 39.191 39.293 39.396 39.499 39.605 39.712 39.823 39.934 40.046 40.161 40.279 40.400 40.526 40.656 40.793 40.938 41.091 41.250 41.416 41.586 41.759 41.935 42.112 42.291 42.473 42.657 42.847 43.040 43.240 43.444 43.649 43.854 44.057 44.250 44.430 44.595 44.743
36.684 36.718 36.755 36.792 36.835 36.880 36.929 36.983 37.039 37.099 37.160 37.223 37.287 37.352 37.417 37.485 37.555 37.627 37.703 37.782 37.865 37.951 38.041 38.134 38.230 38.328 38.428 38.530 38.633 38.737 38.841 38.945 39.050 39.153 39.257 39.359 39.464 39.571 39.679 39.788 39.900 40.013 40.128 40.245 40.366 40.490 40.618 40.751 40.890 41.037 41.190 41.351 41.517 41.688 41.860 42.035 42.211 42.390 42.571 42.756 42.945 43.140 43.339 43.542 43.745 43.946 44.142 44.327 44.498 44.651 44.786
