libCppOSGeo4W_3_28_9/geoids_lastools/EGM08_REDNAP_Canarias.asc
NCOLS 331
NROWS 121
XLLCENTER -18.5
YLLCENTER 27.5
CELLSIZE 0.01666666
NODATA_VALUE -999
[rows 0 to 31 of 121, columns 71 to 141 of 331]
36.868 36.879 36.888 36.896 36.902 36.907 36.911 36.915 36.918 36.924 36.931 36.939 36.949 36.960 36.970 36.980 36.987 36.993 36.997 36.998 36.999 36.998 36.997 36.996 36.996 36.996 36.998 37.001 37.006 37.012 37.019 37.027 37.036 37.046 37.057 37.068 37.080 37.092 37.104 37.116 37.128 37.138 37.148 37.157 37.164 37.172 37.179 37.186 37.192 37.198 37.203 37.207 37.211 37.213 37.216 37.217 37.219 37.220 37.221 37.222 37.223 37.225 37.225 37.228 37.231 37.235 37.239 37.243 37.248 37.252 37.255
36.880 36.890 36.900 36.909 36.915 36.920 36.923 36.927 36.931 36.935 36.941 36.948 36.955 36.963 36.972 36.980 36.986 36.991 36.994 36.995 36.994 36.992 36.991 36.989 36.987 36.987 36.988 36.990 36.993 36.998 37.004 37.012 37.022 37.032 37.044 37.056 37.068 37.079 37.090 37.101 37.110 37.119 37.127 37.135 37.141 37.147 37.153 37.160 37.166 37.171 37.176 37.180 37.184 37.185 37.187 37.188 37.189 37.189 37.190 37.190 37.191 37.191 37.192 37.194 37.196 37.199 37.202 37.205 37.207 37.210 37.212
36.892 36.903 36.913 36.922 36.928 36.932 36.936 36.940 36.943 36.946 36.950 36.955 36.961 36.967 36.974 36.980 36.984 36.988 36.990 36.990 36.990 36.988 36.986 36.983 36.981 36.980 36.980 36.981 36.984 36.989 36.994 37.002 37.012 37.023 37.034 37.046 37.058 37.069 37.079 37.087 37.095 37.102 37.108 37.114 37.120 37.126 37.130 37.136 37.142 37.147 37.151 37.155 37.158 37.159 37.160 37.160 37.160 37.160 37.159 37.159 37.159 37.159 37.160 37.161 37.163 37.165 37.167 37.168 37.170 37.172 37.173
36.906 36.916 36.926 36.933 36.940 36.945 36.949 36.951 36.953 36.956 36.959 36.962 36.967 36.970 36.975 36.979 36.982 36.985 36.986 36.986 36.985 36.983 36.981 36.979 36.978 36.975 36.975 36.976 36.979 36.983 36.989 36.997 37.006 37.017 37.028 37.040 37.051 37.061 37.070 37.077 37.083 37.088 37.093 37.097 37.102 37.107 37.111 37.116 37.121 37.126 37.130 37.133 37.135 37.135 37.134 37.134 37.133 37.132 37.131 37.130 37.130 37.130 37.131 37.132 37.133 37.133 37.134 37.136 37.137 37.137 37.137
36.920 36.930 36.938 36.946 36.952 36.956 36.959 36.961 36.963 36.965 36.966 36.969 36.971 36.974 36.977 36.979 36.981 36.982 36.983 36.983 36.982 36.981 36.979 36.978 36.976 36.975 36.974 36.975 36.977 36.981 36.987 36.995 37.004 37.014 37.025 37.036 37.046 37.055 37.063 37.069 37.073 37.077 37.080 37.084 37.087 37.092 37.096 37.101 37.105 37.110 37.113 37.115 37.115 37.114 37.113 37.111 37.109 37.107 37.105 37.105 37.104 37.105 37.105 37.105 37.106 37.106 37.107 37.107 37.107 37.105 37.104
36.937 36.944 36.952 36.959 36.963 36.967 36.970 36.972 36.972 36.974 36.975 36.975 36.977 36.978 36.980 36.981 36.981 36.982 36.982 36.982 36.982 36.980 36.980 36.979 36.978 36.977 36.977 36.977 36.979 36.983 36.988 36.996 37.004 37.013 37.024 37.034 37.044 37.052 37.058 37.063 37.066 37.069 37.071 37.074 37.077 37.080 37.084 37.089 37.094 37.097 37.100 37.100 37.099 37.098 37.095 37.092 37.090 37.086 37.085 37.084 37.083 37.083 37.083 37.083 37.083 37.083 37.082 37.081 37.080 37.078 37.075
36.954 36.961 36.967 36.971 36.976 36.979 36.980 36.982 36.983 36.983 36.984 36.984 36.985 36.984 36.985 36.985 36.985 36.985 36.984 36.984 36.984 36.984 36.984 36.982 36.982 36.981 36.982 36.982 36.983 36.987 36.992 36.998 37.007 37.016 37.024 37.034 37.042 37.049 37.055 37.059 37.061 37.063 37.064 37.067 37.070 37.073 37.077 37.081 37.086 37.089 37.089 37.090 37.088 37.085 37.082 37.078 37.073 37.070 37.068 37.067 37.067 37.066 37.066 37.066 37.065 37.063 37.062 37.060 37.058 37.055 37.050
36.974 36.979 36.983 36.987 36.990 36.992 36.994 36.994 36.995 36.996 36.996 36.995 36.995 36.994 36.993 36.992 36.991 36.991 36.990 36.989 36.989 36.989 36.989 36.989 36.988 36.988 36.988 36.989 36.990 36.992 36.997 37.002 37.010 37.018 37.026 37.034 37.041 37.048 37.052 37.055 37.057 37.058 37.060 37.062 37.065 37.068 37.072 37.076 37.080 37.083 37.083 37.082 37.080 37.076 37.072 37.066 37.062 37.059 37.057 37.054 37.053 37.053 37.053 37.051 37.050 37.048 37.046 37.043 37.039 37.034 37.030
36.998 37.000 37.004 37.005 37.008 37.009 37.009 37.010 37.011 37.010 37.010 37.009 37.008 37.007 37.005 37.004 37.001 37.000 36.999 36.998 36.997 36.997 36.997 36.997 36.997 36.997 36.997 36.997 36.998 36.999 37.002 37.007 37.013 37.021 37.028 37.034 37.041 37.046 37.050 37.053 37.055 37.055 37.057 37.059 37.062 37.064 37.069 37.073 37.076 37.078 37.078 37.076 37.074 37.069 37.064 37.059 37.054 37.051 37.048 37.046 37.045 37.044 37.043 37.041 37.039 37.036 37.033 37.028 37.024 37.019 37.013
37.023 37.026 37.027 37.028 37.029 37.029 37.029 37.029 37.029 37.028 37.027 37.026 37.025 37.023 37.020 37.017 37.015 37.011 37.010 37.009 37.008 37.007 37.007 37.008 37.008 37.008 37.006 37.006 37.007 37.008 37.010 37.013 37.018 37.024 37.030 37.036 37.042 37.046 37.049 37.051 37.053 37.054 37.055 37.057 37.060 37.063 37.066 37.070 37.073 37.075 37.075 37.072 37.069 37.064 37.059 37.053 37.049 37.045 37.043 37.040 37.039 37.038 37.036 37.033 37.030 37.027 37.023 37.017 37.012 37.006 36.999
37.053 37.054 37.054 37.054 37.053 37.053 37.052 37.051 37.051 37.049 37.048 37.046 37.043 37.041 37.037 37.033 37.030 37.027 37.024 37.022 37.021 37.020 37.020 37.020 37.020 37.019 37.019 37.018 37.017 37.018 37.019 37.022 37.025 37.029 37.034 37.039 37.044 37.048 37.050 37.052 37.053 37.054 37.056 37.057 37.060 37.063 37.067 37.069 37.072 37.073 37.072 37.069 37.066 37.061 37.056 37.051 37.046 37.042 37.040 37.037 37.035 37.033 37.031 37.027 37.023 37.019 37.014 37.007 37.001 36.995 36.986
37.087 37.085 37.085 37.083 37.082 37.080 37.078 37.077 37.074 37.073 37.070 37.068 37.065 37.060 37.056 37.052 37.047 37.043 37.040 37.038 37.035 37.035 37.035 37.035 37.035 37.034 37.033 37.032 37.031 37.030 37.031 37.032 37.035 37.038 37.041 37.045 37.049 37.052 37.054 37.055 37.056 37.057 37.059 37.061 37.062 37.065 37.068 37.071 37.072 37.073 37.072 37.069 37.064 37.060 37.055 37.050 37.045 37.041 37.038 37.036 37.032 37.030 37.026 37.021 37.017 37.012 37.005 36.999 36.992 36.985 36.976
37.123 37.120 37.118 37.115 37.113 37.109 37.107 37.103 37.101 37.097 37.094 37.091 37.086 37.082 37.077 37.071 37.066 37.062 37.057 37.055 37.053 37.053 37.052 37.052 37.052 37.052 37.050 37.049 37.048 37.047 37.047 37.046 37.048 37.050 37.053 37.056 37.058 37.060 37.062 37.063 37.064 37.064 37.066 37.067 37.069 37.071 37.073 37.075 37.076 37.075 37.074 37.071 37.067 37.061 37.056 37.051 37.046 37.042 37.039 37.035 37.031 37.028 37.023 37.017 37.012 37.006 36.998 36.991 36.984 36.977 36.968
37.160 37.157 37.152 37.149 37.144 37.140 37.135 37.131 37.127 37.123 37.118 37.114 37.109 37.103 37.098 37.092 37.086 37.081 37.078 37.074 37.073 37.072 37.073 37.072 37.073 37.073 37.072 37.070 37.069 37.068 37.067 37.066 37.065 37.066 37.068 37.070 37.072 37.073 37.074 37.076 37.076 37.077 37.077 37.079 37.080 37.082 37.083 37.084 37.084 37.083 37.080 37.077 37.072 37.066 37.061 37.056 37.051 37.046 37.042 37.038 37.032 37.028 37.022 37.015 37.009 37.002 36.993 36.986 36.978 36.970 36.960
37.200 37.195 37.189 37.182 37.177 37.170 37.165 37.159 37.154 37.148 37.143 37.138 37.131 37.126 37.120 37.113 37.108 37.104 37.099 37.097 37.096 37.095 37.096 37.097 37.098 37.098 37.098 37.097 37.095 37.093 37.091 37.090 37.089 37.089 37.089 37.089 37.091 37.092 37.093 37.094 37.093 37.094 37.095 37.096 37.096 37.097 37.098 37.098 37.097 37.095 37.092 37.088 37.082 37.077 37.071 37.066 37.059 37.054 37.049 37.043 37.038 37.032 37.024 37.017 37.009 37.000 36.992 36.984 36.974 36.966 36.956
37.241 37.234 37.226 37.217 37.210 37.202 37.195 37.187 37.181 37.174 37.168 37.161 37.155 37.149 37.143 37.137 37.132 37.127 37.125 37.123 37.122 37.123 37.124 37.126 37.127 37.128 37.128 37.127 37.125 37.122 37.120 37.118 37.116 37.115 37.114 37.114 37.115 37.115 37.116 37.115 37.116 37.116 37.117 37.118 37.117 37.118 37.118 37.117 37.115 37.113 37.109 37.104 37.099 37.093 37.086 37.079 37.073 37.067 37.060 37.053 37.047 37.038 37.031 37.022 37.012 37.003 36.994 36.984 36.975 36.965 36.954
37.284 37.274 37.264 37.253 37.244 37.234 37.225 37.216 37.209 37.201 37.194 37.187 37.181 37.174 37.168 37.163 37.158 37.155 37.153 37.151 37.152 37.154 37.156 37.157 37.160 37.161 37.161 37.160 37.158 37.155 37.152 37.150 37.147 37.144 37.143 37.142 37.142 37.142 37.141 37.141 37.142 37.142 37.143 37.142 37.142 37.143 37.142 37.140 37.138 37.135 37.130 37.125 37.119 37.113 37.105 37.098 37.091 37.083 37.076 37.068 37.059 37.051 37.042 37.031 37.021 37.011 37.000 36.990 36.979 36.967 36.955
37.328 37.316 37.303 37.291 37.279 37.268 37.258 37.247 37.238 37.230 37.222 37.215 37.209 37.202 37.197 37.192 37.188 37.186 37.184 37.184 37.186 37.188 37.190 37.193 37.195 37.196 37.195 37.194 37.192 37.190 37.186 37.183 37.179 37.176 37.174 37.173 37.172 37.170 37.170 37.170 37.170 37.170 37.170 37.170 37.170 37.170 37.168 37.167 37.165 37.161 37.156 37.151 37.145 37.137 37.130 37.122 37.113 37.105 37.097 37.087 37.078 37.068 37.057 37.046 37.035 37.023 37.011 37.000 36.986 36.974 36.960
37.375 37.360 37.345 37.331 37.318 37.305 37.293 37.282 37.272 37.263 37.254 37.248 37.240 37.235 37.230 37.225 37.222 37.220 37.219 37.220 37.222 37.224 37.227 37.230 37.232 37.232 37.232 37.231 37.228 37.225 37.220 37.217 37.213 37.210 37.207 37.205 37.203 37.202 37.201 37.201 37.201 37.200 37.200 37.200 37.200 37.198 37.198 37.196 37.194 37.189 37.185 37.180 37.172 37.165 37.158 37.150 37.140 37.131 37.122 37.111 37.101 37.089 37.077 37.065 37.052 37.040 37.027 37.013 36.999 36.983 36.968
37.424 37.407 37.390 37.374 37.360 37.346 37.332 37.321 37.310 37.301 37.292 37.285 37.277 37.272 37.266 37.262 37.259 37.258 37.258 37.259 37.260 37.263 37.266 37.268 37.269 37.270 37.269 37.268 37.265 37.260 37.256 37.252 37.248 37.245 37.242 37.239 37.237 37.236 37.235 37.234 37.233 37.232 37.232 37.231 37.231 37.230 37.229 37.227 37.225 37.221 37.217 37.211 37.205 37.197 37.190 37.181 37.171 37.162 37.151 37.139 37.128 37.115 37.102 37.089 37.075 37.061 37.047 37.031 37.016 36.998 36.980
37.476 37.457 37.439 37.423 37.407 37.392 37.379 37.366 37.354 37.345 37.335 37.327 37.319 37.313 37.307 37.304 37.301 37.299 37.300 37.301 37.303 37.304 37.306 37.308 37.309 37.308 37.307 37.305 37.302 37.298 37.294 37.289 37.285 37.282 37.279 37.277 37.275 37.274 37.271 37.270 37.269 37.268 37.267 37.266 37.265 37.264 37.263 37.261 37.259 37.256 37.251 37.246 37.240 37.234 37.225 37.216 37.207 37.195 37.184 37.172 37.159 37.146 37.131 37.117 37.102 37.086 37.071 37.054 37.035 37.017 36.995
37.531 37.512 37.493 37.475 37.459 37.444 37.430 37.416 37.405 37.393 37.383 37.374 37.365 37.359 37.354 37.349 37.346 37.344 37.344 37.344 37.346 37.347 37.349 37.350 37.350 37.350 37.347 37.345 37.341 37.338 37.334 37.330 37.327 37.323 37.321 37.319 37.317 37.316 37.314 37.312 37.310 37.308 37.307 37.306 37.303 37.302 37.301 37.299 37.297 37.294 37.290 37.286 37.279 37.273 37.265 37.255 37.245 37.234 37.221 37.208 37.195 37.179 37.164 37.148 37.132 37.115 37.097 37.079 37.059 37.038 37.016
37.590 37.569 37.550 37.532 37.515 37.500 37.485 37.471 37.459 37.447 37.436 37.425 37.417 37.408 37.402 37.397 37.393 37.392 37.390 37.390 37.392 37.393 37.393 37.394 37.394 37.393 37.391 37.388 37.384 37.381 37.378 37.375 37.373 37.371 37.370 37.368 37.366 37.364 37.362 37.360 37.358 37.356 37.353 37.351 37.349 37.347 37.345 37.343 37.341 37.338 37.334 37.330 37.324 37.317 37.309 37.300 37.288 37.276 37.263 37.248 37.233 37.218 37.200 37.183 37.165 37.147 37.128 37.107 37.086 37.062 37.038
37.650 37.630 37.610 37.593 37.576 37.560 37.545 37.531 37.517 37.503 37.491 37.480 37.470 37.460 37.453 37.447 37.443 37.441 37.440 37.439 37.440 37.441 37.442 37.441 37.441 37.440 37.438 37.436 37.434 37.431 37.428 37.427 37.426 37.425 37.424 37.424 37.423 37.422 37.419 37.417 37.414 37.411 37.408 37.405 37.401 37.399 37.397 37.395 37.391 37.389 37.385 37.380 37.374 37.367 37.359 37.348 37.337 37.323 37.309 37.294 37.277 37.259 37.241 37.222 37.203 37.182 37.161 37.138 37.116 37.091 37.065
37.714 37.694 37.674 37.656 37.639 37.622 37.607 37.591 37.576 37.562 37.548 37.535 37.525 37.515 37.507 37.501 37.495 37.493 37.492 37.491 37.491 37.492 37.493 37.494 37.493 37.493 37.492 37.490 37.489 37.488 37.487 37.487 37.487 37.487 37.487 37.488 37.488 37.487 37.485 37.483 37.480 37.475 37.471 37.468 37.464 37.461 37.457 37.454 37.451 37.447 37.443 37.438 37.432 37.424 37.415 37.404 37.391 37.377 37.362 37.344 37.326 37.306 37.287 37.266 37.244 37.222 37.199 37.175 37.149 37.123 37.096
37.780 37.759 37.739 37.720 37.704 37.686 37.669 37.653 37.637 37.621 37.606 37.593 37.581 37.571 37.563 37.556 37.552 37.548 37.547 37.547 37.548 37.550 37.550 37.552 37.552 37.553 37.553 37.553 37.552 37.553 37.552 37.554 37.555 37.557 37.559 37.560 37.561 37.561 37.560 37.557 37.554 37.549 37.545 37.541 37.537 37.533 37.528 37.524 37.520 37.516 37.510 37.504 37.497 37.488 37.478 37.467 37.452 37.437 37.420 37.401 37.382 37.360 37.338 37.315 37.292 37.268 37.243 37.217 37.189 37.161 37.132
37.848 37.826 37.806 37.787 37.768 37.751 37.732 37.714 37.697 37.681 37.666 37.652 37.639 37.630 37.621 37.615 37.610 37.608 37.608 37.609 37.610 37.612 37.614 37.616 37.618 37.620 37.621 37.622 37.622 37.624 37.626 37.629 37.632 37.635 37.638 37.640 37.642 37.642 37.641 37.639 37.636 37.631 37.627 37.622 37.618 37.613 37.607 37.602 37.597 37.592 37.585 37.578 37.570 37.559 37.548 37.535 37.520 37.503 37.484 37.465 37.443 37.420 37.397 37.372 37.347 37.321 37.293 37.265 37.235 37.205 37.173
37.918 37.895 37.874 37.853 37.833 37.814 37.795 37.776 37.758 37.740 37.725 37.711 37.700 37.690 37.682 37.677 37.674 37.672 37.673 37.674 37.677 37.680 37.684 37.687 37.690 37.693 37.696 37.697 37.700 37.703 37.706 37.710 37.714 37.718 37.722 37.725 37.728 37.729 37.729 37.727 37.725 37.720 37.716 37.711 37.706 37.700 37.693 37.688 37.681 37.675 37.666 37.658 37.649 37.637 37.624 37.610 37.594 37.576 37.555 37.534 37.512 37.487 37.462 37.435 37.408 37.379 37.350 37.319 37.287 37.254 37.219
37.990 37.966 37.943 37.921 37.899 37.878 37.857 37.838 37.819 37.801 37.786 37.773 37.763 37.754 37.748 37.743 37.742 37.742 37.743 37.746 37.750 37.754 37.759 37.764 37.767 37.771 37.775 37.779 37.783 37.787 37.791 37.796 37.801 37.806 37.811 37.815 37.818 37.820 37.821 37.820 37.818 37.814 37.809 37.805 37.799 37.793 37.786 37.779 37.771 37.763 37.753 37.743 37.733 37.720 37.706 37.691 37.673 37.654 37.632 37.610 37.586 37.560 37.533 37.505 37.476 37.445 37.414 37.381 37.346 37.310 37.272
38.064 38.038 38.014 37.990 37.966 37.943 37.921 37.900 37.882 37.865 37.850 37.838 37.828 37.822 37.817 37.815 37.814 37.815 37.818 37.822 37.827 37.833 37.838 37.844 37.850 37.856 37.861 37.866 37.871 37.876 37.881 37.886 37.892 37.897 37.903 37.908 37.912 37.914 37.916 37.916 37.915 37.911 37.907 37.902 37.897 37.890 37.883 37.874 37.865 37.856 37.845 37.834 37.821 37.807 37.792 37.776 37.757 37.737 37.715 37.691 37.666 37.639 37.611 37.581 37.550 37.518 37.484 37.448 37.411 37.372 37.331
38.141 38.114 38.087 38.061 38.036 38.011 37.988 37.966 37.947 37.931 37.918 37.907 37.899 37.895 37.891 37.891 37.891 37.894 37.898 37.903 37.910 37.916 37.923 37.930 37.937 37.944 37.951 37.957 37.963 37.968 37.974 37.980 37.987 37.993 37.999 38.005 38.009 38.013 38.015 38.016 38.015 38.013 38.010 38.004 37.998 37.992 37.984 37.975 37.964 37.953 37.942 37.928 37.915 37.900 37.884 37.866 37.846 37.826 37.803 37.778 37.752 37.723 37.695 37.663 37.631 37.598 37.561 37.524 37.483 37.441 37.397
38.221 38.191 38.163 38.135 38.108 38.082 38.058 38.037 38.018 38.003 37.990 37.982 37.975 37.972 37.971 37.971 37.974 37.978 37.982 37.988 37.995 38.004 38.012 38.021 38.029 38.038 38.045 38.053 38.060 38.067 38.073 38.080 38.087 38.094 38.101 38.108 38.113 38.117 38.120 38.121 38.121 38.119 38.116 38.112 38.106 38.098 38.089 38.079 38.068 38.056 38.043 38.029 38.014 37.998 37.981 37.962 37.942 37.920 37.896 37.871 37.843 37.815 37.784 37.752 37.718 37.683 37.645 37.605 37.562 37.517 37.470
