libCppOSGeo4W_3_28_9/geoids_lastools/EGM08_REDNAP_Canarias.asc
NCOLS 331
NROWS 121
XLLCENTER -18.5
YLLCENTER 27.5
CELLSIZE 0.01666666
NODATA_VALUE -999
[rows 64 to 95 of 121, columns 213 to 283 of 331]
38.613 38.714 38.821 38.931 39.044 39.158 39.273 39.386 39.499 39.612 39.724 39.837 39.950 40.062 40.173 40.281 40.386 40.487 40.583 40.676 40.767 40.857 40.949 41.045 41.145 41.252 41.366 41.488 41.617 41.755 41.903 42.061 42.231 42.417 42.616 42.830 43.058 43.300 43.551 43.812 44.074 44.337 44.598 44.855 45.106 45.348 45.579 45.792 45.987 46.157 46.298 46.405 46.475 46.508 46.502 46.459 46.383 46.277 46.148 45.995 45.825 45.642 45.450 45.248 45.035 44.814 44.585 44.349 44.110 43.870 43.638
38.772 38.877 38.988 39.104 39.222 39.343 39.462 39.582 39.701 39.819 39.936 40.054 40.169 40.283 40.394 40.499 40.601 40.697 40.789 40.876 40.961 41.044 41.129 41.218 41.313 41.413 41.519 41.633 41.756 41.887 42.028 42.181 42.346 42.527 42.724 42.936 43.166 43.409 43.662 43.925 44.191 44.457 44.720 44.977 45.226 45.463 45.689 45.895 46.080 46.242 46.375 46.473 46.535 46.553 46.532 46.473 46.381 46.260 46.115 45.953 45.777 45.589 45.391 45.182 44.964 44.737 44.503 44.264 44.023 43.784 43.552
38.935 39.046 39.162 39.284 39.408 39.536 39.663 39.789 39.916 40.040 40.163 40.283 40.400 40.513 40.621 40.724 40.820 40.910 40.994 41.075 41.152 41.229 41.308 41.390 41.478 41.571 41.671 41.779 41.894 42.019 42.153 42.300 42.461 42.638 42.831 43.043 43.272 43.515 43.770 44.033 44.300 44.566 44.829 45.083 45.327 45.559 45.776 45.973 46.148 46.299 46.422 46.511 46.565 46.569 46.531 46.459 46.353 46.219 46.059 45.893 45.714 45.522 45.318 45.106 44.884 44.653 44.415 44.173 43.932 43.693 43.462
39.103 39.219 39.342 39.470 39.603 39.738 39.873 40.009 40.142 40.272 40.400 40.523 40.640 40.751 40.854 40.950 41.040 41.121 41.198 41.270 41.339 41.410 41.482 41.558 41.640 41.727 41.822 41.922 42.032 42.150 42.280 42.421 42.577 42.749 42.940 43.150 43.377 43.621 43.875 44.138 44.404 44.669 44.927 45.177 45.414 45.636 45.841 46.027 46.191 46.329 46.440 46.520 46.566 46.553 46.503 46.417 46.298 46.151 45.980 45.810 45.631 45.437 45.232 45.018 44.795 44.561 44.320 44.077 43.834 43.596 43.367
39.272 39.394 39.524 39.660 39.801 39.946 40.091 40.236 40.378 40.515 40.647 40.771 40.887 40.994 41.091 41.178 41.258 41.330 41.396 41.459 41.521 41.584 41.651 41.721 41.798 41.879 41.968 42.064 42.168 42.280 42.403 42.540 42.691 42.860 43.049 43.257 43.483 43.724 43.978 44.238 44.501 44.761 45.013 45.253 45.480 45.690 45.882 46.052 46.199 46.322 46.419 46.486 46.521 46.501 46.444 46.355 46.234 46.086 45.914 45.740 45.556 45.359 45.149 44.929 44.702 44.464 44.221 43.977 43.734 43.497 43.267
39.441 39.570 39.707 39.852 40.003 40.158 40.314 40.468 40.619 40.762 40.898 41.023 41.136 41.237 41.326 41.404 41.472 41.533 41.589 41.643 41.696 41.753 41.813 41.880 41.952 42.029 42.113 42.203 42.301 42.408 42.527 42.659 42.806 42.973 43.157 43.363 43.588 43.827 44.078 44.335 44.593 44.847 45.090 45.321 45.535 45.731 45.907 46.060 46.190 46.297 46.377 46.429 46.452 46.424 46.361 46.268 46.146 45.996 45.824 45.650 45.463 45.263 45.050 44.827 44.596 44.357 44.114 43.869 43.627 43.389 43.161
39.607 39.742 39.887 40.041 40.202 40.368 40.535 40.699 40.859 41.009 41.148 41.273 41.383 41.477 41.557 41.623 41.679 41.729 41.775 41.820 41.867 41.917 41.973 42.035 42.104 42.177 42.257 42.342 42.435 42.538 42.652 42.778 42.922 43.085 43.268 43.470 43.692 43.928 44.175 44.428 44.679 44.924 45.158 45.377 45.577 45.759 45.919 46.053 46.165 46.254 46.317 46.354 46.363 46.325 46.257 46.159 46.034 45.884 45.713 45.538 45.350 45.148 44.934 44.711 44.478 44.239 43.996 43.753 43.512 43.276 43.049
39.767 39.907 40.060 40.223 40.394 40.571 40.748 40.923 41.091 41.247 41.389 41.514 41.619 41.707 41.777 41.833 41.879 41.918 41.955 41.991 42.032 42.078 42.131 42.190 42.256 42.327 42.402 42.483 42.573 42.670 42.778 42.901 43.040 43.198 43.377 43.577 43.793 44.025 44.266 44.511 44.754 44.989 45.212 45.418 45.605 45.769 45.912 46.029 46.121 46.192 46.238 46.259 46.255 46.206 46.130 46.029 45.902 45.753 45.582 45.407 45.219 45.018 44.804 44.581 44.350 44.111 43.870 43.629 43.389 43.156 42.932
39.917 40.062 40.221 40.392 40.572 40.758 40.946 41.130 41.306 41.468 41.612 41.736 41.838 41.919 41.981 42.027 42.064 42.095 42.124 42.156 42.193 42.237 42.288 42.346 42.410 42.480 42.552 42.630 42.713 42.806 42.909 43.026 43.160 43.313 43.486 43.680 43.890 44.114 44.347 44.582 44.815 45.037 45.247 45.438 45.609 45.757 45.884 45.982 46.057 46.109 46.139 46.144 46.126 46.069 45.985 45.879 45.750 45.602 45.433 45.259 45.072 44.872 44.661 44.440 44.210 43.975 43.738 43.499 43.263 43.033 42.811
40.058 40.206 40.368 40.545 40.732 40.926 41.121 41.313 41.495 41.662 41.809 41.932 42.032 42.107 42.163 42.203 42.233 42.258 42.284 42.313 42.349 42.393 42.446 42.505 42.568 42.636 42.707 42.781 42.860 42.948 43.045 43.156 43.283 43.429 43.594 43.778 43.979 44.192 44.412 44.634 44.850 45.058 45.251 45.427 45.581 45.713 45.822 45.903 45.961 45.997 46.010 46.001 45.971 45.905 45.815 45.706 45.577 45.429 45.263 45.093 44.909 44.713 44.506 44.288 44.063 43.833 43.600 43.365 43.134 42.906 42.688
40.186 40.335 40.499 40.678 40.869 41.068 41.269 41.467 41.653 41.823 41.971 42.095 42.192 42.265 42.317 42.353 42.380 42.404 42.429 42.460 42.499 42.547 42.602 42.664 42.730 42.797 42.867 42.938 43.013 43.096 43.187 43.290 43.410 43.546 43.700 43.872 44.059 44.255 44.458 44.662 44.861 45.050 45.224 45.380 45.516 45.631 45.723 45.787 45.829 45.850 45.849 45.827 45.786 45.713 45.619 45.509 45.380 45.235 45.074 44.907 44.730 44.539 44.339 44.128 43.909 43.684 43.457 43.228 43.001 42.778 42.563
40.304 40.450 40.613 40.792 40.982 41.183 41.386 41.585 41.774 41.945 42.094 42.217 42.314 42.386 42.437 42.473 42.502 42.529 42.558 42.595 42.640 42.694 42.756 42.823 42.892 42.961 43.030 43.099 43.171 43.249 43.333 43.429 43.539 43.664 43.805 43.961 44.129 44.306 44.488 44.668 44.844 45.010 45.162 45.298 45.414 45.510 45.584 45.633 45.660 45.667 45.654 45.622 45.573 45.494 45.397 45.286 45.159 45.019 44.865 44.705 44.534 44.352 44.160 43.957 43.745 43.529 43.308 43.086 42.864 42.648 42.437
40.413 40.553 40.711 40.885 41.073 41.270 41.471 41.669 41.856 42.027 42.176 42.299 42.396 42.468 42.523 42.562 42.596 42.630 42.668 42.714 42.769 42.832 42.902 42.976 43.050 43.122 43.193 43.261 43.330 43.403 43.482 43.570 43.669 43.781 43.906 44.043 44.190 44.343 44.498 44.652 44.800 44.939 45.065 45.177 45.272 45.349 45.406 45.439 45.453 45.447 45.424 45.383 45.326 45.243 45.147 45.038 44.916 44.781 44.636 44.484 44.322 44.149 43.966 43.772 43.570 43.363 43.151 42.937 42.723 42.513 42.308
40.513 40.645 40.795 40.962 41.142 41.333 41.528 41.721 41.905 42.071 42.219 42.341 42.439 42.514 42.572 42.620 42.661 42.706 42.756 42.814 42.881 42.956 43.035 43.118 43.198 43.275 43.347 43.415 43.483 43.552 43.626 43.706 43.794 43.892 44.001 44.117 44.240 44.365 44.490 44.613 44.730 44.838 44.936 45.022 45.094 45.149 45.190 45.208 45.208 45.191 45.158 45.110 45.048 44.964 44.869 44.763 44.646 44.520 44.384 44.242 44.089 43.927 43.755 43.571 43.381 43.183 42.982 42.778 42.573 42.371 42.173
40.607 40.729 40.869 41.025 41.195 41.375 41.561 41.747 41.923 42.085 42.228 42.349 42.449 42.528 42.592 42.646 42.700 42.756 42.820 42.892 42.974 43.061 43.151 43.242 43.328 43.410 43.485 43.554 43.620 43.687 43.755 43.829 43.908 43.993 44.083 44.177 44.274 44.369 44.463 44.552 44.635 44.711 44.778 44.837 44.884 44.919 44.940 44.943 44.931 44.904 44.863 44.809 44.741 44.658 44.564 44.463 44.353 44.235 44.109 43.977 43.835 43.685 43.523 43.353 43.173 42.988 42.799 42.607 42.413 42.221 42.032
40.697 40.808 40.936 41.079 41.237 41.405 41.579 41.754 41.922 42.076 42.215 42.334 42.433 42.515 42.587 42.651 42.716 42.786 42.863 42.950 43.044 43.144 43.245 43.343 43.436 43.520 43.597 43.667 43.733 43.797 43.863 43.930 44.000 44.072 44.145 44.217 44.288 44.354 44.414 44.469 44.517 44.559 44.595 44.625 44.647 44.661 44.664 44.653 44.629 44.592 44.544 44.484 44.414 44.329 44.238 44.140 44.037 43.927 43.811 43.689 43.559 43.419 43.271 43.112 42.947 42.775 42.599 42.420 42.240 42.059 41.881
40.783 40.884 40.999 41.130 41.275 41.429 41.591 41.753 41.911 42.057 42.189 42.304 42.404 42.490 42.566 42.639 42.715 42.798 42.888 42.988 43.094 43.203 43.312 43.416 43.512 43.599 43.677 43.747 43.811 43.874 43.937 43.999 44.061 44.122 44.180 44.233 44.278 44.315 44.344 44.365 44.380 44.389 44.394 44.396 44.393 44.386 44.372 44.346 44.311 44.265 44.210 44.145 44.072 43.988 43.898 43.805 43.706 43.604 43.496 43.384 43.265 43.137 43.000 42.855 42.702 42.545 42.384 42.219 42.053 41.886 41.721
40.868 40.959 41.063 41.182 41.314 41.457 41.605 41.755 41.901 42.039 42.163 42.275 42.373 42.460 42.542 42.622 42.707 42.800 42.902 43.011 43.126 43.242 43.354 43.460 43.557 43.643 43.718 43.786 43.849 43.910 43.969 44.027 44.082 44.134 44.179 44.214 44.237 44.248 44.248 44.239 44.222 44.201 44.178 44.153 44.128 44.101 44.071 44.032 43.986 43.932 43.870 43.801 43.726 43.641 43.553 43.462 43.369 43.273 43.173 43.069 42.959 42.841 42.716 42.583 42.444 42.300 42.154 42.005 41.854 41.703 41.552
40.951 41.033 41.129 41.238 41.359 41.491 41.629 41.768 41.903 42.031 42.149 42.255 42.350 42.438 42.521 42.607 42.698 42.798 42.907 43.022 43.141 43.259 43.372 43.476 43.568 43.649 43.720 43.783 43.841 43.898 43.953 44.008 44.058 44.101 44.135 44.155 44.160 44.150 44.125 44.089 44.045 43.997 43.948 43.902 43.856 43.811 43.766 43.717 43.661 43.600 43.533 43.460 43.382 43.297 43.210 43.122 43.033 42.942 42.849 42.752 42.649 42.540 42.424 42.303 42.176 42.046 41.914 41.780 41.646 41.511 41.375
41.029 41.106 41.196 41.299 41.413 41.536 41.665 41.796 41.923 42.043 42.153 42.253 42.345 42.430 42.514 42.601 42.696 42.799 42.910 43.027 43.145 43.260 43.367 43.464 43.548 43.620 43.680 43.735 43.786 43.836 43.887 43.936 43.981 44.018 44.043 44.052 44.042 44.014 43.970 43.912 43.847 43.777 43.707 43.641 43.578 43.520 43.463 43.403 43.342 43.275 43.203 43.127 43.048 42.963 42.877 42.792 42.705 42.619 42.530 42.439 42.342 42.241 42.133 42.021 41.906 41.788 41.670 41.551 41.432 41.313 41.194
41.101 41.176 41.264 41.363 41.474 41.593 41.717 41.841 41.962 42.075 42.179 42.273 42.359 42.441 42.523 42.608 42.702 42.803 42.912 43.026 43.138 43.246 43.343 43.428 43.498 43.556 43.603 43.645 43.686 43.727 43.769 43.812 43.853 43.884 43.901 43.901 43.882 43.841 43.782 43.708 43.626 43.539 43.454 43.373 43.298 43.229 43.163 43.097 43.030 42.959 42.885 42.808 42.728 42.644 42.559 42.475 42.392 42.308 42.223 42.136 42.044 41.949 41.849 41.744 41.638 41.532 41.426 41.321 41.217 41.113 41.009
41.165 41.240 41.328 41.428 41.539 41.657 41.780 41.901 42.018 42.127 42.225 42.312 42.394 42.470 42.547 42.628 42.717 42.813 42.916 43.022 43.124 43.219 43.302 43.370 43.423 43.462 43.493 43.519 43.544 43.574 43.607 43.642 43.675 43.700 43.713 43.707 43.679 43.630 43.561 43.476 43.382 43.284 43.188 43.097 43.014 42.937 42.867 42.796 42.725 42.654 42.579 42.501 42.423 42.340 42.257 42.176 42.095 42.015 41.933 41.849 41.761 41.670 41.575 41.478 41.380 41.283 41.188 41.095 41.004 40.915 40.825
41.215 41.293 41.385 41.489 41.604 41.725 41.849 41.971 42.086 42.191 42.284 42.367 42.440 42.510 42.580 42.654 42.734 42.823 42.916 43.010 43.100 43.179 43.244 43.293 43.326 43.344 43.354 43.360 43.369 43.383 43.404 43.430 43.455 43.475 43.482 43.472 43.440 43.385 43.310 43.219 43.119 43.014 42.911 42.815 42.725 42.645 42.572 42.499 42.429 42.357 42.284 42.209 42.131 42.051 41.972 41.894 41.817 41.740 41.661 41.580 41.496 41.409 41.318 41.226 41.135 41.047 40.960 40.878 40.798 40.720 40.644
41.250 41.332 41.429 41.540 41.660 41.787 41.916 42.039 42.154 42.257 42.347 42.423 42.491 42.552 42.614 42.678 42.749 42.826 42.906 42.986 43.061 43.123 43.169 43.197 43.208 43.204 43.192 43.178 43.168 43.165 43.171 43.185 43.202 43.216 43.217 43.204 43.169 43.113 43.036 42.942 42.839 42.731 42.625 42.526 42.435 42.354 42.279 42.208 42.138 42.070 41.998 41.927 41.853 41.777 41.703 41.628 41.554 41.481 41.406 41.328 41.249 41.164 41.078 40.992 40.905 40.823 40.745 40.671 40.601 40.534 40.467
41.265 41.353 41.456 41.574 41.702 41.835 41.969 42.096 42.212 42.313 42.399 42.471 42.530 42.583 42.634 42.689 42.747 42.812 42.879 42.945 43.002 43.045 43.072 43.080 43.069 43.043 43.010 42.975 42.945 42.925 42.917 42.918 42.926 42.932 42.930 42.913 42.877 42.820 42.743 42.650 42.547 42.439 42.334 42.235 42.144 42.064 41.990 41.921 41.854 41.788 41.722 41.654 41.585 41.515 41.444 41.375 41.307 41.237 41.166 41.093 41.015 40.936 40.854 40.771 40.691 40.614 40.543 40.476 40.414 40.355 40.298
41.258 41.351 41.460 41.585 41.720 41.860 41.998 42.129 42.246 42.347 42.429 42.495 42.547 42.590 42.631 42.673 42.720 42.772 42.825 42.874 42.916 42.943 42.951 42.940 42.909 42.865 42.811 42.757 42.708 42.672 42.649 42.639 42.636 42.635 42.628 42.609 42.572 42.517 42.441 42.351 42.250 42.144 42.041 41.945 41.856 41.778 41.707 41.641 41.577 41.515 41.454 41.391 41.327 41.262 41.197 41.132 41.068 41.004 40.937 40.868 40.796 40.720 40.643 40.566 40.490 40.418 40.353 40.292 40.237 40.184 40.135
41.227 41.324 41.438 41.569 41.709 41.854 41.996 42.129 42.246 42.345 42.423 42.483 42.527 42.563 42.593 42.623 42.657 42.695 42.735 42.769 42.796 42.808 42.801 42.773 42.727 42.665 42.595 42.524 42.462 42.410 42.374 42.352 42.340 42.332 42.322 42.301 42.264 42.210 42.137 42.050 41.954 41.853 41.754 41.660 41.575 41.499 41.431 41.368 41.310 41.252 41.195 41.136 41.078 41.017 40.958 40.899 40.839 40.780 40.718 40.653 40.585 40.514 40.442 40.370 40.299 40.234 40.174 40.118 40.069 40.024 39.980
41.172 41.270 41.386 41.519 41.663 41.809 41.953 42.087 42.203 42.299 42.372 42.427 42.463 42.490 42.509 42.529 42.551 42.576 42.602 42.624 42.638 42.637 42.616 42.576 42.518 42.445 42.363 42.281 42.205 42.143 42.096 42.064 42.045 42.031 42.016 41.994 41.958 41.906 41.837 41.755 41.663 41.567 41.472 41.384 41.302 41.231 41.167 41.107 41.052 40.998 40.945 40.892 40.838 40.783 40.727 40.672 40.617 40.562 40.504 40.443 40.381 40.316 40.249 40.183 40.119 40.059 40.004 39.955 39.911 39.871 39.833
41.091 41.188 41.304 41.437 41.580 41.725 41.868 41.999 42.111 42.203 42.272 42.320 42.349 42.367 42.377 42.387 42.397 42.411 42.426 42.436 42.438 42.426 42.398 42.349 42.283 42.202 42.113 42.024 41.941 41.871 41.817 41.779 41.753 41.736 41.718 41.694 41.659 41.609 41.545 41.467 41.381 41.292 41.202 41.117 41.042 40.973 40.913 40.858 40.806 40.757 40.707 40.658 40.607 40.556 40.503 40.452 40.401 40.349 40.295 40.240 40.182 40.123 40.062 40.003 39.945 39.892 39.844 39.801 39.763 39.728 39.696
40.986 41.079 41.193 41.321 41.459 41.600 41.738 41.862 41.970 42.057 42.120 42.161 42.184 42.195 42.197 42.197 42.198 42.201 42.204 42.206 42.200 42.180 42.145 42.092 42.023 41.939 41.847 41.756 41.671 41.598 41.540 41.497 41.468 41.446 41.427 41.402 41.368 41.322 41.262 41.190 41.110 41.025 40.943 40.864 40.792 40.729 40.673 40.622 40.574 40.528 40.482 40.435 40.388 40.339 40.290 40.241 40.192 40.144 40.094 40.043 39.990 39.937 39.883 39.830 39.780 39.734 39.692 39.655 39.623 39.594 39.566
40.860 40.947 41.052 41.174 41.303 41.437 41.566 41.682 41.783 41.863 41.919 41.955 41.972 41.976 41.972 41.964 41.956 41.951 41.947 41.939 41.926 41.901 41.863 41.809 41.739 41.657 41.568 41.479 41.395 41.323 41.264 41.221 41.189 41.166 41.145 41.120 41.088 41.044 40.988 40.922 40.848 40.770 40.693 40.621 40.555 40.497 40.445 40.397 40.353 40.311 40.268 40.224 40.179 40.133 40.085 40.039 39.992 39.946 39.899 39.852 39.804 39.757 39.710 39.665 39.622 39.584 39.549 39.518 39.492 39.468 39.445
40.715 40.793 40.889 41.000 41.118 41.240 41.358 41.466 41.557 41.629 41.680 41.709 41.722 41.720 41.711 41.697 41.683 41.670 41.658 41.644 41.625 41.597 41.558 41.504 41.439 41.362 41.278 41.195 41.117 41.049 40.992 40.950 40.919 40.895 40.873 40.849 40.819 40.778 40.726 40.665 40.597 40.526 40.455 40.390 40.330 40.276 40.229 40.186 40.146 40.107 40.067 40.025 39.982 39.938 39.893 39.847 39.802 39.758 39.714 39.670 39.628 39.587 39.546 39.508 39.473 39.441 39.414 39.389 39.369 39.351 39.333
